         399   500.000499991633     
   35.8919330536857        35.8919330536857        24.6166000000000     
   6.79330000000000        6.79330000000000        11.6922000000000     
           1           1           1           1           1           1
           1           1           1           1           1           1
           1           1           1           1           1           1
           1           1           1           1           1           1
           1           1           1           1           1           1
           1           1           1           1           1           1
           1           1           1           1           1           1
           1           1           1           1           1           1
           1           1           1           1           1           1
           1           1           1           1           1           1
           1           1           1           1           1           1
           1           1           1           1           1           1
           1           1           1           1           1           1
           1           1           1           1           1           1
           1           1           1           1           1           1
           1           1           1           1           1           1
           1           1           1           1           1           1
           1           1           1           1           1           1
           1           1           1           1           1           1
           1           1           1           1           1           1
           1           1           1           1           1           1
           1           1           1           1           1           1
           1           1           1           1           1           1
           1           1           1           1           1           1
           1           1           1           1           1           1
           1           1           1           1           1           1
           1           1           1           1           1           1
           1           1           1           1           1           1
           1           1           1           1           1           1
           1           1           1           1           1           1
           1           1           1           1           1           1
           1           1           1           1           1           1
           1           1           1           1           1           1
           1           1           1           1           1           1
           1           1           1           1           1           1
           1           1           1           1           1           1
           1           1           1           1           1           1
           1           1           1           1           1           1
           1           1           1           1           1           1
           1           1           1           1           1           1
           1           1           1           1           1           1
           1           1           1           1           1           1
           1           1           1           1           1           1
           1           1           1           1           1           1
           1           1           1           1           1           1
           1           1           1           1           1           1
           1           1           1           1           1           1
           1           1           1           1           1           1
           1           1           1           1           1           1
           1           1           1           1           1           1
           1           1           1           1           1           1
           1           1           1           1           1           1
           1           1           1           1           1           1
           1           1           1           1           1           1
           1           1           1           1           1           1
           1           1           1           1           1           1
           1           1           1           1           1           1
           1           1           1           1           1           1
           1           1           1           1           1           1
           1           1           1           1           1           1
           1           1           1           1           1           1
           1           1           1           1           1           1
           1           1           1           1           1           1
           1           1           1           1           1           1
           1           1           1           1           1           1
           1           1           1           1           1           1
           1           1           1
           3   14.3966400423983        6.79330000000000     
  0.000000000000000E+000           3   14.2303208263625     
   8.37501141388110       0.000000000000000E+000           3
   14.0246043263106        9.14292267984704        1.23080000000000     
           3   13.3775710908415        10.5958094519659     
   1.23080000000000                3   12.9445367389948     
   11.2624294053395       0.000000000000000E+000           3
   11.8802504501053        12.4443479257589       0.000000000000000E+000
           3   11.2624294053395        12.9445367389948     
   1.23080000000000                3   9.88509140228247     
   13.7397574859262        1.23080000000000                3
   9.14292267984704        14.0246043263106       0.000000000000000E+000
           3   7.58717765770259        14.3551162004393     
  0.000000000000000E+000           3   6.79330000000000     
   14.3966400423983        1.23080000000000                3
   5.21158858611911        14.2303208263625        1.23080000000000     
           3   4.44378924425495        14.0246043263106     
  0.000000000000000E+000           3   2.99090247213635     
   13.3775710908415       0.000000000000000E+000           3
   2.32417059466012        12.9445367389948        1.23080000000000     
           3   1.14236399834289        11.8802504501053     
   1.23080000000000                3  0.642063261004862     
   11.2624294053395       0.000000000000000E+000           3
 -0.153045561822434        9.88509140228247       0.000000000000000E+000
           3 -0.437892402208182        9.14292267984704     
   1.23080000000000                3 -0.768516200439697     
   7.58717765770259        1.23080000000000                3
 -0.810040042397429        6.79330000000000       0.000000000000000E+000
           3 -0.643720826361501        5.21158858611911     
  0.000000000000000E+000           3 -0.437892402208182     
   4.44378924425495        1.23080000000000                3
  0.209028909158580        2.99090247213635        1.23080000000000     
           3  0.642063261004862        2.32417059466012     
  0.000000000000000E+000           3   1.70634954989484     
   1.14236399834289       0.000000000000000E+000           3
   2.32417059466012       0.642063261004862        1.23080000000000     
           3   3.70162052182086      -0.153045561822434     
   1.23080000000000                3   4.44378924425495     
 -0.437892402208182       0.000000000000000E+000           3
   5.99942234229741      -0.768516200439697       0.000000000000000E+000
           3   6.79330000000000      -0.810040042397429     
   1.23080000000000                3   8.37501141388110     
 -0.643720826361501        1.23080000000000                3
   9.14292267984704      -0.437892402208182       0.000000000000000E+000
           3   10.5958094519659       0.209028909158580     
  0.000000000000000E+000           3   11.2624294053395     
  0.642063261004862        1.23080000000000                3
   12.4443479257589        1.70634954989484        1.23080000000000     
           3   12.9445367389948        2.32417059466012     
  0.000000000000000E+000           3   13.7397574859262     
   3.70162052182086       0.000000000000000E+000           3
   14.0246043263106        4.44378924425495        1.23080000000000     
           3   14.3551162004393        5.99942234229741     
   1.23080000000000                3   14.3966400423983     
   6.79330000000000        2.46150000000000                3
   14.2303208263625        8.37501141388110        2.46150000000000     
           0   13.6058371654117        8.99499847251744     
   3.64507610395221                0   13.0186898730127     
   10.4533814645451        3.60485866904631                3
   12.9445367389948        11.2624294053395        2.46150000000000     
           3   11.8802504501053        12.4443479257589     
   2.46150000000000                0   11.0745093785092     
   12.6811016947998        3.63247871708181                0
   9.75226852226331        13.4766944584839        3.66081950550313     
           3   9.14292267984704        14.0246043263106     
   2.46150000000000                3   7.58717765770259     
   14.3551162004393        2.46150000000000                0
   6.84762483423301        14.0963434845369        3.69119642276228     
           0   5.23850167540575        13.9257994010843     
   3.70478539582424                3   4.44378924425495     
   14.0246043263106        2.46150000000000                3
   2.99090247213635        13.3775710908415        2.46150000000000     
           0   2.49952938835578        12.7609889921053     
   3.69522661401788                0   1.34489734642337     
   11.6901855727079        3.66736345302313                3
  0.642063261004862        11.2624294053395        2.46150000000000     
           3 -0.153045561822434        9.88509140228247     
   2.46150000000000                0 -0.102185650856206     
   9.06276899057475        3.65118129737924                0
 -0.398690153485483        7.50261231498241        3.65532785483597     
           3 -0.810040042397429        6.79330000000000     
   2.46150000000000                3 -0.643720826361501     
   5.21158858611911        2.46150000000000                0
 -0.175783954278518        4.53441923639447        3.72239163023017     
           0  0.489727025989033        3.10785630753518     
   3.69120639593842                3  0.642063261004862     
   2.32417059466012        2.46150000000000                3
   1.70634954989484        1.14236399834289        2.46150000000000     
           0   2.52002092532426       0.883099204768345     
   3.68317379633579                0   3.82993372781050     
  4.584852394891659E-002   3.68923460880278                3
   4.44378924425495      -0.437892402208182        2.46150000000000     
           3   5.99942234229741      -0.768516200439697     
   2.46150000000000                0   6.81078861436940     
 -0.543674301296515        3.68612007562830                0
   8.34750995085019      -0.398619288384977        3.70159729261397     
           3   9.14292267984704      -0.437892402208182     
   2.46150000000000                3   10.5958094519659     
  0.209028909158580        2.46150000000000                0
   11.0734351963291       0.856736004237717        3.67150108991702     
           0   12.2271225904853        1.90910355159686     
   3.66840146767303                3   12.9445367389948     
   2.32417059466012        2.46150000000000                3
   13.7397574859262        3.70162052182086        2.46150000000000     
           0   13.6512118250540        4.53394016593191     
   3.69079366003362                0   13.9228361902385     
   6.00417484774911        3.66716693845764                0
   13.8138065237583        6.75252632351165        4.89138127639872     
           0   13.5348563841566        8.26430633894794     
   4.86986698273644                0   13.3684832594508     
   8.91261787412305        6.11624317410333                0
   12.8640785249774        10.2687175430609        6.09126893659011     
           0   12.5474197491800        10.9713698306948     
   4.81072862199077                0   11.4717253372078     
   12.0199897792357        4.84636555309862                0
   10.8556767549040        12.3698250540421        6.09332067247903     
           0   9.60767288792491        13.2099254506757     
   6.09897155178942                0   8.97762116142118     
   13.5696499509413        4.90227085290179                0
   7.51588577205993        13.8407516408338        4.88969230077856     
           0   6.75970300506433        13.7977076027071     
   6.12289589028249                0   5.35485000586948     
   13.5875687148486        6.12689186078539                0
   4.61454893228552        13.4643908717138        4.92516124533431     
           0   3.27382648063280        12.9706805535570     
   4.91530190312043                0   2.70744633851042     
   12.4167800063335        6.12749958458186                0
   1.66122311018787        11.3970651892731        6.13117181391910     
           0   1.05948872671004        10.9725389061853     
   4.89562849834205                0  0.361919292702665     
   9.67325606787572        4.89014955268118                0
  0.156078395779746        8.94874271375954        6.12800115079271     
           0  8.994726992832547E-003   7.52743330252903     
   6.13522647283447                0 -0.189809703326622     
   6.76649454417121        4.88616528849315                0
 -6.047429559672413E-002   5.34033614806068        4.91621748768150     
           0  0.320116179808536        4.70007344364535     
   6.11243100776688                0  0.941467392008469     
   3.39080958475000        6.08684259956533                0
   1.13356666080593        2.66108095622520        4.84133976032646     
           0   2.13551712361331        1.61707004228071     
   4.85204225575971                0   2.76615212995575     
   1.23505658352608        6.11551830335569                0
   3.95603924452346       0.415240179882074        6.13766285765036     
           0   4.56400281907103      -8.708602479002181E-003
   4.90746249316560                0   6.04238426304411     
 -0.352002967346890        4.94275239826150                0
   6.76450215675957      -0.178399497695914        6.19363349278362     
           0   8.26071904984021      -7.260412996581334E-002
   6.14312118209549                0   8.98944719182229     
 -1.085262736650794E-002   4.91296175336442                0
   10.4040595633353       0.484171300852197        4.91400381383000     
           0   10.8626167683475        1.11915666370365     
   6.10798268028860                0   11.9269379448211     
   2.19831202237452        6.11165276377539                0
   12.4505049796201        2.64703231447755        4.88398964313350     
           0   13.1214521515714        3.99347215003555     
   4.86860840777969                0   13.1979551931787     
   4.69950070730970        6.12800903687104                0
   13.6164776341206        6.06610753596579        6.10374594160843     
           0   13.7513194884774        6.76753436054668     
   7.33810279819190                0   13.6051426607311     
   8.18892116618631        7.32712451590988                0
   13.5651731339658        8.97166149493690        8.55697127556680     
           0   13.0286314182671        10.3345712897049     
   8.48701691041973                0   12.5346063712702     
   10.8904752225335        7.31297233472122                0
   11.3912292635073        11.8803422762278        7.33505245428541     
           0   10.8906547513659        12.4053680593521     
   8.52783657415567                0   9.65717557872096     
   13.2550188258213        8.55100466920643                0
   8.94873557748025        13.5438270312863        7.33509031132385     
           0   7.49459791636424        13.8141746094727     
   7.35279334031727                0   6.80997915103980     
   13.7749714165957        8.57033004018540                0
   5.39473046672969        13.5384991416781        8.58449528020968     
           0   4.71691000485795        13.2725093177014     
   7.36955006008042                0   3.39569650182378     
   12.7544875503633        7.36952649146712                0
   2.80699068433134        12.3322563860474        8.63953347987744     
           0   1.64139295032726        11.4421025998965     
   8.56208934131590                0   1.13809113232355     
   10.8792320885672        7.37175800100413                0
  0.367669951653576        9.66834157767518        7.36921935744274     
           0  8.857786656454181E-002   8.97394191284598     
   8.56429910182450                0 -0.124252973412870     
   7.52077942704017        8.58751653118219                0
 -8.931291159758015E-002   6.79955530129396        7.34702783415254     
           0  0.119690822912569        5.39136983226927     
   7.35436707866636                0  0.199988028562063     
   4.60466991716453        8.56708186594075                0
  0.795817412248307        3.32265744516394        8.57495197192168     
           0   1.35207669632666        2.82896234154698     
   7.30540291312639                0   2.23590111381390     
   1.72140189929566        7.31736177113061                0
   2.72132350526496        1.20622090790589        8.58146220329919     
           0   3.98656389265759       0.452853404963933     
   8.57189436536874                0   4.62584447864498     
  0.155720081371476        7.37493435862377                0
   6.05404843486411      -5.935188079666442E-002   7.41305046699121     
           0   6.78973896753609      -7.338974725141334E-002
   8.62337648184056                0   8.24424956360511     
 -2.314255382230357E-002   8.60147930239564                0
   8.96976933515311       9.056184396319811E-002   7.35688736637006     
           0   10.2438582745958       0.763830910803720     
   7.35510716760006                0   10.9166157384965     
   1.16654415195798        8.58200610533181                0
   11.9189948877670        2.20538211699672        8.59862836806711     
           0   12.3803690139183        2.78402633686970     
   7.36039763561972                0   13.1318056625394     
   3.97646217557880        7.35139209206772                0
   13.5450373693660        4.64624639254384        8.57262816226655     
           0   13.7834199550132        6.10336447193118     
   8.56958361610875                0   13.8296642736953     
   6.84739530083890        9.75808536673721                0
   13.6719354984753        8.27690034710118        9.75082182481498     
           0   13.5496107516124        9.00894961674239     
   11.0070835086915                0   13.0349638503150     
   10.3828796232722        10.9928004354734                0
   12.6147869194502        10.9397796628682        9.76798911371576     
           0   11.4835635653205        11.9925182083520     
   9.76317579499863                0   10.8766060123764     
   12.4752310980502        11.0159421706527                0
   9.65538841840408        13.3097283391324        11.0524526008531     
           0   8.97715606386214        13.5758431812993     
   9.80723023735584                0   7.50771756083827     
   13.8094018584477        9.80066867864585                0
   6.77461702602588        13.8694125225306        11.0519398229664     
           0   5.32476905223876        13.6803363006910     
   11.0523559898305                0   4.72777598132084     
   13.2932305817064        9.83995299635663                0
   3.38445511774643        12.6904699671052        9.86137061469051     
           0   2.72182580475624        12.4168680348456     
   11.0925348597075                0   1.59758472803558     
   11.4682366181491        11.0865714213032                0
   1.19048468137998        10.8886590659335        9.85185730785725     
           0  0.394264042829721        9.63934518062753     
   9.83070910564218                0  8.273627083649426E-002
   8.96296395940931        11.0905878765433                0
 -0.348226761095140        7.51983799572101        11.0486130211749     
           0 -0.385679542879495        6.81684159910888     
   9.81820187228299                0 -0.149988568782314     
   5.36152757070258        9.84760047690856                0
 -2.375907248477738E-002   4.62906839439736        11.0523603443718     
           0  0.648328751441167        3.25491719694290     
   11.0635102925195                0   1.14839738677678     
   2.70282675986061        9.77660562161697                0
   2.14711240513733        1.65338237684381        9.82624412597464     
           0   2.70380800378063        1.20234265260407     
   11.0742244865935                0   4.02408056340646     
  0.539135423994252        11.0635812790793                0
   4.66970329522988       0.256533595181210        9.83423182606999     
           0   6.09064834732478       3.615712175806252E-004
   9.82459747667803                0   6.83794343337998     
  5.856283505751847E-002   11.0369257122319                0
   8.26281167342504       0.144166588356244        11.0216372845821     
           0   9.00693759344740       0.122165655636381     
   9.82488250250809                0   10.3135585137366     
  0.775000291613433        9.79128311773547                0
   10.9316105338825        1.20505725497639        11.0577001128613     
           0   12.0548194515003        2.14889832806597     
   11.0784465074829                0   12.5387857027210     
   2.71651765911546        9.80842694718825                0
   13.2533142518057        3.99733947650148        9.78593603607204     
           0   13.4503031291824        4.66993947929206     
   10.9921181096869                0   13.7172204644005     
   6.09778319997161        11.0105924413587                0
   13.8311868430865        6.78809467454584        12.2771773126264     
           0   13.7046070035067        8.30137895177806     
   12.2610140567394                0   13.5933663757456     
   8.97667648994093        13.5092538504037                0
   12.9042400681855        10.3193032659033        13.5003001765511     
           0   12.5474012172069        10.9391591704408     
   12.2059579284417                0   11.5187071251737     
   12.0426032512821        12.2534840838782                0
   10.9592652894056        12.5070572395468        13.5137555128610     
           0   9.67536151619156        13.3536341930820     
   13.4444061576195                0   8.90672493521993     
   13.4413877268941        12.2714911071144                0
   7.52020362957205        13.8565740585646        12.2619077187873     
           0   6.78320500775877        13.9621349283237     
   13.5053179572975                0   5.30937340400427     
   13.7605322450152        13.5323741831614                0
   4.61880982759622        13.4968008550809        12.3151366659431     
           0   3.32279463956419        12.7568410238526     
   12.3086416219062                0   2.66179644651214     
   12.5242565032507        13.5706526059468                0
   1.50971022240688        11.4996619842544        13.5601985493746     
           0   1.13321403551225        10.9024759273186     
   12.3209468682374                0  0.378531253577968     
   9.64023960429912        12.2951676629235                0
  0.241066972830652        8.92532624110153        13.5681382511715     
           0 -0.171816494020482        7.52435344717122     
   13.5400677625455                0 -0.360749201592038     
   6.81681329324891        12.3043645253978                0
 -0.150788768857053        5.34672750553595        12.3022988241939     
           0  0.160191914709309        4.66597803714258     
   13.5453299343113                0  0.722301078159727     
   3.35731855291682        13.5757668209651                0
   1.02780798948128        2.62837997975522        12.3244782948482     
           0   2.12415517836014        1.59059655685401     
   12.2779798441687                0   2.79715610609394     
   1.30269760640356        13.5050299284857                0
   4.06499581549142       0.650925308542872        13.5268466439415     
           0   4.72545582062217       0.331413441342382     
   12.2784936383042                0   6.09597390227635     
 -0.199416429363503        12.2941876842541                0
   6.78143924223506      -0.198134373921412        13.5192721753282     
           0   8.26986264742572       0.160316220295488     
   13.5447998770535                0   8.97862926823630     
  0.365342754629884        12.2913867369625                0
   10.3455162875199       0.806961456074631        12.2913935250564     
           0   10.9926345093315        1.11556115112820     
   13.5311536798206                0   12.0900635712375     
   2.06620184683221        13.5442639012413                0
   12.5380184664301        2.65907919201382        12.2998489942771     
           0   13.3076629518796        3.92788466418620     
   12.2743262577040                0   13.5032356029777     
   4.61475471302044        13.5196337166040                0
   13.7665208491204        6.05389594827577        13.5004815232882     
           0   13.8405139891194        6.75992781443621     
   14.7763061458942                0   13.7790471620378     
   8.26156880787248        14.7245383395280                0
   13.3201231922502        8.95614428608738        15.9570235755931     
           0   12.6397383917978        10.1850037263887     
   15.9858329792853                0   12.3871365398584     
   10.9117692449882        14.7484552630446                0
   11.4710419828112        12.0152604755986        14.7267114032925     
           0   10.8181433434444        12.4245486543848     
   15.9427309954145                0   9.65633226395907     
   13.2978578192379        15.9876743056051                0
   8.98141227962484        13.6535091566237        14.7503748772636     
           0   7.52115361490190        13.8721019470681     
   14.7665688252096                0   6.84219062433893     
   13.7922825039883        16.0164126556416                0
   5.32511974824159        13.7546693465835        16.0379615821410     
           0   4.63100195775332        13.5621689853144     
   14.8017485659632                0   3.30466045888945     
   12.9538646716140        14.7916966999496                0
   2.81607909080684        12.3825339652579        16.0197626860121     
           0   1.66079849807885        11.4998765469019     
   16.0194719717814                0   1.11548925236947     
   10.9405984565080        14.7730163888410                0
  0.535060027862615        9.61565206705309        14.7976049109946     
           0  0.176986444414155        8.97198194285558     
   16.0258804898596                0 -0.122655081518453     
   7.57295602571738        15.9844035112823                0
 -0.121191663368333        6.81051887062652        14.7844345291631     
           0  5.258307398732853E-002   5.37908660979082     
   14.7760620993169                0  0.265545190560068     
   4.68677649295059        16.0197164407052                0
  0.911518696994381        3.45821975557928        16.0147797160066     
           0   1.24078754985927        2.86217703973809     
   14.7779908050230                0   2.23021600959265     
   1.76578629835601        14.7676446851518                0
   2.79817974434590        1.27392588911255        16.0125749204079     
           0   4.03538909645295       0.519502130649510     
   15.9997070688845                0   4.71967352210605     
  0.315227428940550        14.7662005457866                0
   6.07250148421012      -0.183410386808047        14.7682141986795     
           0   6.81770443768167      -0.274222207185005     
   15.9710564619954                0   8.26367534870033     
 -1.018018753784489E-004   15.9988502323465                0
   8.99975791945468       0.225533310229314        14.7927475987277     
           0   10.3907805851661       0.690134312361526     
   14.7775716736179                0   10.9172118864055     
   1.16323602713156        16.0341351826521                0
   12.0448773567818        2.11532948800891        16.0303920458903     
           0   12.5613444246155        2.63835104214585     
   14.7632458173747                0   13.1792054680761     
   3.94473793166855        14.7708443932774                0
   13.4978606035917        4.62523164972016        15.9978615530173     
           0   13.6031558788222        6.07837705186096     
   15.9976201842261                0   13.6251708605409     
   6.79794832724781        17.2533694185176                0
   13.5226959016210        8.21912018260225        17.2367320150492     
           0   13.4927392414266        8.97233756777953     
   18.4388983828344                0   12.8114881105116     
   10.2733988043043        18.4758782843614                0
   12.2113930497839        10.7702267914052        17.2198114227009     
           0   11.3349729005638        11.9149215861506     
   17.2088076005635                0   10.9588358699098     
   12.5440965776118        18.4537009936815                0
   9.70328433880446        13.3178394276280        18.4580180322341     
           0   9.00191460976147        13.5798505155990     
   17.2236088963034                0   7.54389882388232     
   13.8930156221479        17.2644151480052                0
   6.81231014727690        14.0539890846821        18.4601834960118     
           0   5.33651831825289        13.8162636346656     
   18.4815195296385                0   4.65490668093904     
   13.5187274384122        17.2543034916788                0
   3.37211496761608        12.8692062656836        17.2521399989435     
           0   2.76613309515747        12.4195792009562     
   18.4785388163806                0   1.58770426927203     
   11.4806881319107        18.4779736957359                0
   1.19725639845907        10.8965813761974        17.2099220789702     
           0  0.470875194244263        9.63774637708138     
   17.2299617460540                0  4.710949877125614E-002
   9.04429014850080        18.5098295555204                0
 -0.222041491801633        7.60730429612709        18.4846593035139     
           0 -7.907727621710237E-002   6.84035475094838     
   17.2092730288175                0  8.707206293231895E-002
   5.42648667517246        17.2728266938464                0
  0.155240420407092        4.70523516924439        18.5347785549220     
           0  0.771801725980830        3.40009182333851     
   18.5358321736365                0   1.32526710047074     
   2.85854659063420        17.2598101093246                0
   2.29370732108405        1.73430248876098        17.2749515350895     
           0   2.77879902078219        1.18712414486990     
   18.5088008110198                0   4.03352229904797     
  0.422569481404772        18.5332524590881                0
   4.70996324472001       5.543376678501932E-002   17.2417435424595     
           0   6.07131007531504      -0.296991313049746     
   17.2141434345833                0   6.78225138938666     
 -0.373191606436279        18.4185344490913                0
   8.23607422717308      -3.162772378003265E-002   18.4694568078507     
           0   8.90150086244650       0.284248050130468     
   17.2512876591333                0   10.2797479511685     
  0.797443249647415        17.2699446585927                0
   11.0088561774147        1.12176311845295        18.5113350875136     
           0   12.1405060492789        2.08983773558317     
   18.4922004118300                0   12.4631673005859     
   2.74392097772453        17.2339227394094                0
   13.2085241294292        3.93833118163246        17.2335630069950     
           0   13.5673710834090        4.60139030097902     
   18.4648019132612                0   13.7068280706725     
   6.04754927673009        18.5063366636866                0
   14.1096542332299        6.78283263121937        19.6865002064999     
           0   14.0339895406849        8.32421808150483     
   19.6596580753403                3   14.0246043263106     
   9.14292267984704        20.9230000000000                3
   13.3775710908415        10.5958094519659        20.9230000000000     
           0   12.6929191534636        11.0619249156481     
   19.7073344454033                0   11.6771555772938     
   12.2568999879600        19.7086363438932                3
   11.2624294053395        12.9445367389948        20.9230000000000     
           3   9.88509140228247        13.7397574859262     
   20.9230000000000                0   9.05168654386794     
   13.6534626589094        19.7143819383828                0
   7.53331913485317        14.1370845148656        19.6785333362231     
           3   6.79330000000000        14.3966400423983     
   20.9230000000000                3   5.21158858611911     
   14.2303208263625        20.9230000000000                0
   4.60624035867663        13.6707823892471        19.7273919111213     
           0   3.20534520087326        13.0204189719695     
   19.6943460142906                3   2.32417059466012     
   12.9445367389948        20.9230000000000                3
   1.14236399834289        11.8802504501053        20.9230000000000     
           0  0.911729476956050        11.0514435049805     
   19.7246546844800                0  7.704927594754540E-002
   9.75544571578355        19.7247597903598                3
 -0.437892402208182        9.14292267984704        20.9230000000000     
           3 -0.768516200439697        7.58717765770259     
   20.9230000000000                0 -0.488595867373348     
   6.86967559105527        19.6866267190260                0
 -0.299562719164318        5.29946022086582        19.7117753045896     
           3 -0.437892402208182        4.44378924425495     
   20.9230000000000                3  0.209028909158580     
   2.99090247213635        20.9230000000000                0
   1.01321155516858        2.65182525000543        19.7582244846043     
           0   1.97709923497255        1.40197334907712     
   19.7230435833033                3   2.32417059466012     
  0.642063261004862        20.9230000000000                3
   3.70162052182086      -0.153045561822434        20.9230000000000     
           0   4.59215319376149      -5.313781981342558E-002
   19.7346187516142                0   5.99989638009193     
 -0.518865295939850        19.6856500041669                3
   6.79330000000000      -0.810040042397429        20.9230000000000     
           3   8.37501141388110      -0.643720826361501     
   20.9230000000000                0   9.01627777935288     
 -5.643555293504932E-002   19.6925330533512                0
   10.4950841175084       0.512871214129046        19.7083925967368     
           3   11.2624294053395       0.642063261004862     
   20.9230000000000                3   12.4443479257589     
   1.70634954989484        20.9230000000000                0
   12.7877478158036        2.49454392558974        19.7012841730372     
           0   13.4200180868451        3.86159539652844     
   19.6947486000889                3   14.0246043263106     
   4.44378924425495        20.9230000000000                3
   14.3551162004393        5.99942234229741        20.9230000000000     
           3   14.3966400423983        6.79330000000000     
   22.1537000000000                3   14.2303208263625     
   8.37501141388110        22.1537000000000                3
   14.0246043263106        9.14292267984704        23.3845000000000     
           3   13.3775710908415        10.5958094519659     
   23.3845000000000                3   12.9445367389948     
   11.2624294053395        22.1537000000000                3
   11.8802504501053        12.4443479257589        22.1537000000000     
           3   11.2624294053395        12.9445367389948     
   23.3845000000000                3   9.88509140228247     
   13.7397574859262        23.3845000000000                3
   9.14292267984704        14.0246043263106        22.1537000000000     
           3   7.58717765770259        14.3551162004393     
   22.1537000000000                3   6.79330000000000     
   14.3966400423983        23.3845000000000                3
   5.21158858611911        14.2303208263625        23.3845000000000     
           3   4.44378924425495        14.0246043263106     
   22.1537000000000                3   2.99090247213635     
   13.3775710908415        22.1537000000000                3
   2.32417059466012        12.9445367389948        23.3845000000000     
           3   1.14236399834289        11.8802504501053     
   23.3845000000000                3  0.642063261004862     
   11.2624294053395        22.1537000000000                3
 -0.153045561822434        9.88509140228247        22.1537000000000     
           3 -0.437892402208182        9.14292267984704     
   23.3845000000000                3 -0.768516200439697     
   7.58717765770259        23.3845000000000                3
 -0.810040042397429        6.79330000000000        22.1537000000000     
           3 -0.643720826361501        5.21158858611911     
   22.1537000000000                3 -0.437892402208182     
   4.44378924425495        23.3845000000000                3
  0.209028909158580        2.99090247213635        23.3845000000000     
           3  0.642063261004862        2.32417059466012     
   22.1537000000000                3   1.70634954989484     
   1.14236399834289        22.1537000000000                3
   2.32417059466012       0.642063261004862        23.3845000000000     
           3   3.70162052182086      -0.153045561822434     
   23.3845000000000                3   4.44378924425495     
 -0.437892402208182        22.1537000000000                3
   5.99942234229741      -0.768516200439697        22.1537000000000     
           3   6.79330000000000      -0.810040042397429     
   23.3845000000000                3   8.37501141388110     
 -0.643720826361501        23.3845000000000                3
   9.14292267984704      -0.437892402208182        22.1537000000000     
           3   10.5958094519659       0.209028909158580     
   22.1537000000000                3   11.2624294053395     
  0.642063261004862        23.3845000000000                3
   12.4443479257589        1.70634954989484        23.3845000000000     
           3   12.9445367389948        2.32417059466012     
   22.1537000000000                3   13.7397574859262     
   3.70162052182086        22.1537000000000                3
   14.0246043263106        4.44378924425495        23.3845000000000     
  0.000000000000000E+000  0.000000000000000E+000  0.000000000000000E+000
  0.000000000000000E+000  0.000000000000000E+000  0.000000000000000E+000
  0.000000000000000E+000  0.000000000000000E+000  0.000000000000000E+000
  0.000000000000000E+000  0.000000000000000E+000  0.000000000000000E+000
  0.000000000000000E+000  0.000000000000000E+000  0.000000000000000E+000
  0.000000000000000E+000  0.000000000000000E+000  0.000000000000000E+000
  0.000000000000000E+000  0.000000000000000E+000  0.000000000000000E+000
  0.000000000000000E+000  0.000000000000000E+000  0.000000000000000E+000
  0.000000000000000E+000  0.000000000000000E+000  0.000000000000000E+000
  0.000000000000000E+000  0.000000000000000E+000  0.000000000000000E+000
  0.000000000000000E+000  0.000000000000000E+000  0.000000000000000E+000
  0.000000000000000E+000  0.000000000000000E+000  0.000000000000000E+000
  0.000000000000000E+000  0.000000000000000E+000  0.000000000000000E+000
  0.000000000000000E+000  0.000000000000000E+000  0.000000000000000E+000
  0.000000000000000E+000  0.000000000000000E+000  0.000000000000000E+000
  0.000000000000000E+000  0.000000000000000E+000  0.000000000000000E+000
  0.000000000000000E+000  0.000000000000000E+000  0.000000000000000E+000
  0.000000000000000E+000  0.000000000000000E+000  0.000000000000000E+000
  0.000000000000000E+000  0.000000000000000E+000  0.000000000000000E+000
  0.000000000000000E+000  0.000000000000000E+000  0.000000000000000E+000
  0.000000000000000E+000  0.000000000000000E+000  0.000000000000000E+000
  0.000000000000000E+000  0.000000000000000E+000  0.000000000000000E+000
  0.000000000000000E+000  0.000000000000000E+000  0.000000000000000E+000
  0.000000000000000E+000  0.000000000000000E+000  0.000000000000000E+000
  0.000000000000000E+000  0.000000000000000E+000  0.000000000000000E+000
  0.000000000000000E+000  0.000000000000000E+000  0.000000000000000E+000
  0.000000000000000E+000  0.000000000000000E+000  0.000000000000000E+000
  0.000000000000000E+000  0.000000000000000E+000  0.000000000000000E+000
  0.000000000000000E+000  0.000000000000000E+000  0.000000000000000E+000
  0.000000000000000E+000  0.000000000000000E+000  0.000000000000000E+000
  0.000000000000000E+000  0.000000000000000E+000  0.000000000000000E+000
  0.000000000000000E+000  0.000000000000000E+000  0.000000000000000E+000
  0.000000000000000E+000  0.000000000000000E+000  0.000000000000000E+000
  0.000000000000000E+000  0.000000000000000E+000  0.000000000000000E+000
  0.000000000000000E+000  0.000000000000000E+000  0.000000000000000E+000
  0.000000000000000E+000  0.000000000000000E+000  0.000000000000000E+000
  0.000000000000000E+000  0.000000000000000E+000  0.000000000000000E+000
  0.000000000000000E+000  0.000000000000000E+000  0.000000000000000E+000
  0.000000000000000E+000  0.000000000000000E+000  0.000000000000000E+000
  0.000000000000000E+000  0.000000000000000E+000  0.000000000000000E+000
  0.000000000000000E+000  0.000000000000000E+000  0.000000000000000E+000
  0.000000000000000E+000  0.000000000000000E+000  0.000000000000000E+000
   1.13503385296125        10.8753997615989       -4.47629523949023     
  -4.75868959723327       -5.65698276242687        3.96464699027422     
  0.000000000000000E+000  0.000000000000000E+000  0.000000000000000E+000
  0.000000000000000E+000  0.000000000000000E+000  0.000000000000000E+000
   4.10704782144354       -2.97213790008412        4.02046531611981     
   7.73047671766410       -7.51627649954424       -4.65074535304961     
  0.000000000000000E+000  0.000000000000000E+000  0.000000000000000E+000
  0.000000000000000E+000  0.000000000000000E+000  0.000000000000000E+000
  -1.38195630050212       -1.09040547566094        4.03275910051687     
   4.56249717295548        1.95706050236184       -4.55868389459059     
  0.000000000000000E+000  0.000000000000000E+000  0.000000000000000E+000
  0.000000000000000E+000  0.000000000000000E+000  0.000000000000000E+000
   8.98458816435110       0.332984441356458        4.43039345823811     
  2.455446277176872E-002   1.25346927120718        2.52861475203684     
  0.000000000000000E+000  0.000000000000000E+000  0.000000000000000E+000
  0.000000000000000E+000  0.000000000000000E+000  0.000000000000000E+000
   10.9959663762913       -5.56504007570786        2.24772345575763     
  -15.9337837914363        2.61779050228260        5.93735937552739     
  0.000000000000000E+000  0.000000000000000E+000  0.000000000000000E+000
  0.000000000000000E+000  0.000000000000000E+000  0.000000000000000E+000
  -9.12285520339590        1.15807896892762        2.90736146205042     
  -3.36814883181085       -1.33540853181036        6.13061088342467     
  0.000000000000000E+000  0.000000000000000E+000  0.000000000000000E+000
  0.000000000000000E+000  0.000000000000000E+000  0.000000000000000E+000
   5.81787299683618        5.44003196743460       -3.39340195103784     
 -0.870953371571509        8.15226744523711        2.84401565509964     
  0.000000000000000E+000  0.000000000000000E+000  0.000000000000000E+000
  0.000000000000000E+000  0.000000000000000E+000  0.000000000000000E+000
 -0.921001492415459       -6.06167120143941        10.9751721730730     
   7.50848776614137        4.74510815321243       -4.83777160385180     
  0.000000000000000E+000  0.000000000000000E+000  0.000000000000000E+000
  0.000000000000000E+000  0.000000000000000E+000  0.000000000000000E+000
   8.57824680449914        9.43252010001473       0.534865319738029     
  -4.87711685063873       -7.63568208503068        1.89934125844039     
  0.000000000000000E+000  0.000000000000000E+000  0.000000000000000E+000
  0.000000000000000E+000  0.000000000000000E+000  0.000000000000000E+000
   5.81437871935261       0.342640228740361       -4.67202631183356     
  -4.29944312988349       -6.82179646207572       0.908821373730333     
   4.26378015082771        6.04748409720362        3.17816154423866     
  -2.87483416462834       -3.60783785295278       -7.05998058397448     
  -7.60360332640304      -8.817108139315945E-002   1.88319489015599     
   1.18751212863971        5.24050577252701       -3.75143789678233     
  -2.91811289861238        7.76728853824604        5.73155781069153     
   10.1901818330765       -16.0953335086974        8.81136256427111     
   4.48159399863630        1.79424673235207        11.0585693936891     
   2.54027143432213        4.79998709034409       -3.16057663179993     
  -4.62523375517382      -0.711068788424480        3.00789270820158     
 -0.961386831716416        5.25971539128376       -4.18245651675768     
  0.468104374669863       -3.32392153395947       -3.82387257824304     
   3.09395985519921       -1.62272189502954        10.6134030024112     
 -0.994654406251789       -9.60369232750661        6.48195863441107     
   2.73362138651370        2.81314224818589       -8.20229080071973     
   3.31613814459185        1.93951491074223       -4.99963847191100     
  -5.71617129908290       -7.50326276286570       -1.16543593237725     
  -6.43094183954145       -5.65629866845270       -2.69004043641805     
   10.6448754377308       -3.01309142491461        2.99776409831999     
  0.758936209937620       -1.61587275892530       0.257424303278508     
   6.31177036175027        3.99782213398808       -8.96121602379398     
  -2.54280151927392        1.40257896661294        6.36248252718800     
   5.27312469611564       0.657670111860874       -2.07065981846551     
  -1.34016120269061        1.68459962546635       -5.24492408488026     
   12.8103500185094       -5.05730011280904        6.91076436771951     
  -8.82133743735730       -5.91883382584701       -12.8508519575613     
   5.15932564166908       -2.17099742204052       0.824509029189570     
   15.2699126248201        10.8179654124934       -5.80630293769939     
  -4.43137343913476       -4.58728120655663        2.82256056224901     
   9.88552322587826        4.15954453382032       0.261216814421068     
  -1.06644760708863       -8.81248665609192       -7.51403812956187     
  -8.96142622146982       0.849467823573928        3.52312242026412     
 -0.944867970223509       -3.84085178100129       0.669021892973741     
  0.177939611349474        1.56822856293136       0.715205192364000     
  -4.15561745803709       -1.26267067863837       -2.16691982724437     
  -4.45807147316019        2.32369349817216       -2.82686835351744     
  -4.55717356671109       -3.64436453896360      -0.410332035400561     
  -3.24685644029513       -2.25254856455855        5.59486645796186     
   3.35324737985648       -7.32941091664830        13.1611621632199     
  0.974425499578088       -1.89894845474101        1.58348717026621     
   3.28135080635395      -0.361602931361906       -3.88692981214647     
  -1.11086835393058       -5.57122329037258        3.94778002184139     
 -3.288406884585473E-002   2.78577364317723        1.52062362012818     
  -3.88501879654314       -7.69702802688966        5.85476417125560     
 -0.525971432700121        5.49667615722489       -2.66685329615566     
   4.51645445370688       0.226449357652003       -6.76076303535141     
 -0.965784190882771       -1.82939100802300        3.75258112100591     
  -4.05701543486948       -4.01948842873932       -2.92294619780816     
   4.58214254905260       0.414922431068024        4.66657691619547     
  -2.79919866446567       -5.64539370984330        2.03828123437509     
   3.93292335806801       0.151196802900512       -5.64811872467792     
   10.8832467991411        1.05371272486950       0.712214990225547     
  -7.51435526930296        10.3285513863602      -0.569875983656195     
  -3.62403528607846        2.72455475970813       -1.27343352027958     
   4.85590342657711       -7.07534807782100       -8.04114851596568     
   6.13586812140848       0.596395515769508        1.85867745835971     
   3.63989497174238        1.06901024608196       -1.65162614710245     
  -2.26052809173007       0.911595757681391        3.84587670902144     
  -7.10856841492445        19.4485610256855       -10.4954743161061     
   2.85297823428652        6.67239451502962       -2.19315138525876     
  -3.17653639475622       -5.95147188674715        3.62286864654601     
  -9.50160504152683       -3.97789174293422       -1.02141114377458     
 -0.153292003244990       -3.38134631852632       -11.9535283031620     
   4.59305962650672      -0.656440190268584       0.853291490275423     
  0.649707983748542       -4.80587229006042       0.770906888755438     
  -3.45471376296241       -4.63327415338109       -4.31248125225398     
   5.43039508914850        2.90393468595372        8.03399882710772     
   4.39804193732230        4.61392969034579        1.19666670898166     
   6.21800678524148        8.83286179324192       -5.37165044257043     
  -2.09156761389396       -9.81494668270253       -13.1805099098704     
  -2.35973165663148        1.73855112915247       -1.45688105707158     
  -1.22428140602028       -4.45449686633135       -1.14311273712453     
 -0.366000835467570       -6.85329190139182        2.96887020071342     
  -4.08626119820655       -4.57254172845128        2.99441717057851     
  -2.41613594728440        4.83338082950355       -2.80610238847476     
   7.11875985790065       -1.14121451618429       -3.29220097046653     
  -5.28381447756788       -4.63093814605996        3.52393375956398     
   10.6123613206180       -6.74599156744765       -2.50761350863639     
  -4.72687580978344       0.821100930119670        8.61122371480155     
   3.15682473330943        4.15218144326496       -11.7360338642733     
  -2.92359081242660       -1.53451729695621       -8.67524161861980     
  -1.52630853427533        1.58511495597328        4.27669480331076     
 -0.403609147405371        5.72027830757029       -6.08320696166573     
   9.50720574191682      -0.829049561343925        2.74124354576410     
  -5.82791737528642        2.26789213084126        8.64265479231154     
  -9.64437177070864       -5.56500645942876       -1.69110436873388     
   10.1112353456609       -3.04902482627070       0.937980459719400     
   7.31197354427774      -0.990057344842359       -2.90445362080529     
  -5.05874970181262       -7.19689630981745       -4.96819690909557     
   3.07668175505448       -2.18953297248804       -7.42806408376036     
   2.43760484375783      -0.246123551323791       -3.99738295061897     
  -3.53571104909472       -2.80191169172632        4.94488290975858     
   3.88973178069119       -3.84508441667926        7.87495257182825     
   3.04973704007823       -5.29730825632381        8.44891883462029     
   8.50550715879533       -4.71518952085146        3.79806180835331     
   4.13081262210729       -7.35289186487616        8.11893899767189     
  -4.05487288012320       -4.17742830963726        5.59246061061608     
   1.03149962540694        7.02404049904153       -4.41860850579383     
 -0.335626067472845        5.82396297979624        1.37708333698212     
   5.52566151808911       -6.42391490331211       -5.94302933687313     
  -4.29499088285421       -1.09944220419082      -0.314718895447368     
   3.02582562877877       -1.93166903242798       -6.05529533012109     
   4.12413624382561        4.23364580357172        4.41660794335871     
   13.9596539871201        2.52933437989061       -2.00158067040203     
  -4.76445559852387       -1.92253352266903       -5.04065691308741     
   5.61311235396458       -6.24571044614725       -12.2646641886238     
   2.12536207759955       -3.61047000555080       0.736189482111826     
   4.84019848695541       -1.74851254556341      -0.260031052128939     
   4.02021162553171        8.67040107956038        1.58776111917842     
  -1.48281104938341      -0.343436911058008       -1.51861255483184     
   2.19661801926670       -1.35234928123346       -4.23305409958330     
   3.52440701874990       -2.59998267780847        2.92649689836426     
   2.50277452851840       -8.69501230361170        10.5643110136495     
   5.29143806953012        8.75452676239205        11.7563975321816     
   11.6036827066716        4.11442325407626        7.86836528156700     
  -1.73409104122532        4.05962547398697       0.138155078475186     
   7.15270133260308       -7.48409383141848        4.42923599182523     
  0.540367327003647       -2.53329195081310        4.98587094550104     
  -9.68063282587300       -1.44361543114467        1.45522150413699     
   13.5659600354627        3.23797966127669        1.96934107503493     
   3.39129221484195       -2.36514193517352        2.61859243418404     
   9.22914951888302       0.545970285698497       -3.48425031727621     
  -1.37042633685386       -2.16540915976352       -2.31916434622643     
  -4.02880996380131       -1.14862984149344        7.34257643193221     
   2.56461416386284        9.05295157857549        4.86098446302621     
 -0.406072003304194        4.56113893278252       -1.86802507705982     
   13.6001957951167        11.4873771347787       -10.2043852554037     
   6.60567811549941       0.465039568500501        4.38821311853316     
   8.92138528235357        1.29868448354375       -7.40464446567018     
  0.391481458572766       0.703253767972838       -12.1320772886702     
   7.87228438121256        3.99041011360652       -12.0061985061471     
  -2.60688462736475        11.2488644282702       -7.32027865576063     
  -11.3146550643381        8.34752239953765      -0.906769758590579     
  -1.11782685987541       -6.41899027616966       -3.36632058671028     
 -0.323336901067413      -0.635738121097147        1.12300233189496     
   5.31105365198979        6.74795542471932       0.146355329239055     
 -2.377313380411857E-002  -5.15915493071282       -1.76085188101363     
 -7.065208904333453E-002   7.26841083437760        1.03183834185669     
  -2.44451039501394       -3.95877451367613       -4.09462642662500     
   1.10401707040525       -6.01607619083370        1.61247659957530     
  -7.76726417443866        5.50719868178270        1.27290285583137     
   8.20394313159439       -6.58534732023049        1.06051300565562     
   7.17129035127139        5.13127355157348       -4.80924254997275     
  -5.48053491089022        7.94229537836440       -1.76869690430067     
  -5.77474952402250        1.14461660747022       -8.26166825106754     
  -1.48736264188892       -5.15589026662508       -6.49753999872884     
  -13.1542591650674       -2.82103315228003        5.14087266248431     
  -7.02596726528316        1.11004402101034        2.60833051265897     
   8.38334143693124        6.41428661410529        2.81145097151537     
  0.381160044598851       -1.04826756889800       -4.79189958444816     
  -9.54711554045992        2.68428775198037        4.27668226016640     
  -11.4598229301268        5.92043905243721      -0.648528940997122     
   1.93659251795133        6.30995275631457        3.01410926784109     
  0.668447382465583        4.35761461214218        4.61883707575731     
  -3.43221684037499        10.9017642786024       0.755531012037693     
  -4.26134432609156      -0.842173525188156        5.82536877207210     
  -1.28139211193363        4.46219553893529        4.41886361944308     
  -3.23336991976976       -1.61334519015530        1.76332486506284     
  -6.38060091132421       -5.79833335466880        11.7844458533173     
  -11.8501098224561        5.95114412413095        2.87483641122424     
  -3.21689988859028        3.54563693345094        6.42108108558240     
  -6.61803360422692        2.38359858218981        3.57868938941959     
   2.95566242497008       -5.90497797356512       -5.29776306214894     
   8.81014606496962        3.91705023454125        2.16794371902900     
   2.11774553974053        7.26582646996564        3.72612128037998     
  0.547730053885930      -0.317040359400532       -2.86163694087112     
   2.03108509999023       -3.04042160860779       0.454143877239135     
  -1.37185063117614       0.687608675536166        4.40576076556965     
   14.3300408188927       -2.92818363059179       -2.82045414928615     
   10.9285113911660        1.95369509662700        3.70088975262036     
   2.81232590993097       -9.32200223484102        1.37046784337363     
  -2.61886091650128       -5.63157514527333        3.79348730823456     
  -6.68839742328648        2.16037746902869        5.03774463337267     
   3.48218792854402       -1.66789582212131       -4.87741497196016     
   4.44711631506265        8.22665929777158        1.11890234774790     
   1.45670141236424       0.633916735485234        6.80386168891155     
  -1.06388160630997        17.9997841997680        10.3906906314269     
  -1.83349018762305        7.47768141709666       -5.48470169625804     
  0.140545460141766        6.73501966903384        1.73701283828225     
   2.91556472297194       -11.2093927238107       -1.01263239259998     
   1.88872606212133        1.30906053055731        8.80342628049095     
  -2.66006921583250        1.53028658696838      -2.058038067140877E-003
  -5.13481510344820        4.23979057938860       -4.81932911789079     
   7.46876568318012       -1.96686483749373       -6.46860497316215     
   8.35951543432199       -9.74156609856431        3.83623062551543     
   7.10522076560433        8.03317462201258        5.79327040902841     
   4.16778723003566        9.73620850944796       -4.28425541947060     
  -1.27947534535876       -1.71415762897649       -2.98575485305468     
   5.82290044909193        7.89337330769472        7.37927319863937     
  -2.70763294645513       -2.93516592860862       -3.60717513668583     
  -1.82487721804751       -7.51928837268806       -8.20672364618388     
   5.56890723085999       -4.17430676032581       -2.18933175649834     
   5.36606624578063       -9.72604625352817       0.852826601274601     
   4.28270997512167       -1.69236575600003      -0.489015250021795     
   2.21184521170525       0.643246477625683        3.12551956519173     
  -5.01304686352983        4.99130218562304       -6.07450075677744     
   5.54110933881466        3.88560766567622       -1.11900660675240     
   4.52848160860002       0.894696645318927       0.366997432274475     
  -1.47214959655708       -1.35693730224813        4.62171073497139     
   2.20488356063264        3.46283721059478        5.62235608341300     
   6.16186089272099        1.11966803701152        7.51676847100687     
  0.441232897785667       -4.14945172671099       -2.93134736915492     
   1.22372141501321       -8.64898986640470       -3.97921983496223     
   1.75943188950982        4.92749072182431       -1.87246966464563     
  -5.04457039917311        7.43171234943629      -0.685328170097481     
 -0.899024401277360       -1.27234771360444       -2.10617228225602     
   8.21789197570680        1.07071740453359       0.785901245421223     
  0.191403464513401       -2.61614467257873        1.88891428377141     
   4.42128055452516        2.24346140642562        9.04057385585777     
  -4.61309726026766        1.20941178808404       0.373762459220702     
   3.94043539637897        1.65764625469930       -2.81579507122644     
  -5.64430457028673        2.24130440510295        7.98872119988455     
   1.59426634454683       -7.85738547749111      -0.183240016244052     
  -5.01739773984153        1.31752131898895        2.11779189669833     
  -3.94412806279806       -1.55414087269037       0.459745728057754     
   4.65889890042715       0.161170795400638       0.595374848650898     
  -6.75473483750694        2.78201451352443        1.10822112643604     
 -0.453334219898444       -2.86083092248017        7.73287125656092     
  -6.12165619809348      -0.555364177847935        3.49001685729533     
  -5.90913446043827       -13.6186720224095        3.33772206772398     
  -2.06290429641059       0.213178051868402      -0.545762945694388     
  -10.2969882493465        6.36202005331881        1.98544809535318     
   1.89470662255554        4.60833731923136        6.10921731154725     
  -9.52747288500756       0.143209790728720       -4.42018139864921     
   2.89093037978674        3.72535529104071       -3.57980682577750     
   3.37493777583241        7.07092658218131      -0.300970682168121     
  -8.87566868726568       -6.57793598983893       -2.50149623715900     
   3.21306753307305        4.91931340491761        8.37488126183112     
   6.22054318028504       -7.65451916041425       -6.02385678342287     
  0.678589362043227        7.34251633353688       -4.24740618413367     
 -0.264184813829842       -10.0500823369353       -6.74004932966294     
  -14.6001465320330        2.87101636753673       -7.52683989224694     
   3.26776295881326        9.49525324404347        11.6207819803386     
  -4.89795383610405        1.02013221971661       0.775296845403182     
 -0.666229893637814       -3.65193718081115       -7.87047003070789     
  -13.4305099063561        4.67206498774550       -1.22599649046234     
   9.05950153616836       -6.19956166939268       7.214229207813896E-002
  -1.74991852136761        1.70828681455838       -2.61669745066224     
   5.54947748158336       -5.41175614428935      -0.942506762086852     
   1.22816103289095       -1.43140283877524        7.98713747573327     
  -5.42078481151755       -1.12488393993748       -1.31595669046703     
 -0.316984005409941       -3.34759585389627        6.55662419889339     
   5.73143126428580       -10.9924862583220        4.00204357492373     
  0.000000000000000E+000  0.000000000000000E+000  0.000000000000000E+000
  0.000000000000000E+000  0.000000000000000E+000  0.000000000000000E+000
   2.07884912951654        4.30687980955685        1.53175752411773     
   3.29904577892453        1.04064473173178        4.58047030927178     
  0.000000000000000E+000  0.000000000000000E+000  0.000000000000000E+000
  0.000000000000000E+000  0.000000000000000E+000  0.000000000000000E+000
  -5.08371447453853        4.71646439416860        12.2527177813194     
  -2.75779534542957        3.81718293208336       -3.51965770967053     
  0.000000000000000E+000  0.000000000000000E+000  0.000000000000000E+000
  0.000000000000000E+000  0.000000000000000E+000  0.000000000000000E+000
   1.08052370330159        6.93469318824734       -3.99751259822005     
   3.23231863034217       -3.00674976372301        3.31526707440911     
  0.000000000000000E+000  0.000000000000000E+000  0.000000000000000E+000
  0.000000000000000E+000  0.000000000000000E+000  0.000000000000000E+000
 -0.992200477682407       -4.00644664558550       -4.61437219605387     
   4.72261732456551        3.15662323903408       -1.73770028133344     
  0.000000000000000E+000  0.000000000000000E+000  0.000000000000000E+000
  0.000000000000000E+000  0.000000000000000E+000  0.000000000000000E+000
 -0.791204156424867       -6.21921752042517       -3.02257492431054     
  -2.78430346053123       -1.34626568285710       -7.46397870481702     
  0.000000000000000E+000  0.000000000000000E+000  0.000000000000000E+000
  0.000000000000000E+000  0.000000000000000E+000  0.000000000000000E+000
   1.03646320654769       -1.75062741879049        3.89348607546442     
  -2.84180843546395        8.69167236024004        12.5710855277285     
  0.000000000000000E+000  0.000000000000000E+000  0.000000000000000E+000
  0.000000000000000E+000  0.000000000000000E+000  0.000000000000000E+000
  -1.73136977986132       -9.55355828096269       -1.61835169046326     
  -2.31013616854884       -1.54853100819748       -2.28393956457254     
  0.000000000000000E+000  0.000000000000000E+000  0.000000000000000E+000
  0.000000000000000E+000  0.000000000000000E+000  0.000000000000000E+000
   8.23757522947109       -1.79326497095593        1.99701373006520     
   2.35817449524416       0.820310512099114      -0.840760206051098     
  0.000000000000000E+000  0.000000000000000E+000  0.000000000000000E+000
  0.000000000000000E+000  0.000000000000000E+000  0.000000000000000E+000
   2.16826032948181       -3.78452835199362       -1.58651564983026     
  -2.54187066365436       -2.26418824634324        5.32075340733397     
  0.000000000000000E+000  0.000000000000000E+000  0.000000000000000E+000
  0.000000000000000E+000  0.000000000000000E+000  0.000000000000000E+000
  0.000000000000000E+000  0.000000000000000E+000  0.000000000000000E+000
  0.000000000000000E+000  0.000000000000000E+000  0.000000000000000E+000
  0.000000000000000E+000  0.000000000000000E+000  0.000000000000000E+000
  0.000000000000000E+000  0.000000000000000E+000  0.000000000000000E+000
  0.000000000000000E+000  0.000000000000000E+000  0.000000000000000E+000
  0.000000000000000E+000  0.000000000000000E+000  0.000000000000000E+000
  0.000000000000000E+000  0.000000000000000E+000  0.000000000000000E+000
  0.000000000000000E+000  0.000000000000000E+000  0.000000000000000E+000
  0.000000000000000E+000  0.000000000000000E+000  0.000000000000000E+000
  0.000000000000000E+000  0.000000000000000E+000  0.000000000000000E+000
  0.000000000000000E+000  0.000000000000000E+000  0.000000000000000E+000
  0.000000000000000E+000  0.000000000000000E+000  0.000000000000000E+000
  0.000000000000000E+000  0.000000000000000E+000  0.000000000000000E+000
  0.000000000000000E+000  0.000000000000000E+000  0.000000000000000E+000
  0.000000000000000E+000  0.000000000000000E+000  0.000000000000000E+000
  0.000000000000000E+000  0.000000000000000E+000  0.000000000000000E+000
  0.000000000000000E+000  0.000000000000000E+000  0.000000000000000E+000
  0.000000000000000E+000  0.000000000000000E+000  0.000000000000000E+000
  0.000000000000000E+000  0.000000000000000E+000  0.000000000000000E+000
  0.000000000000000E+000  0.000000000000000E+000  0.000000000000000E+000
  0.000000000000000E+000  0.000000000000000E+000  0.000000000000000E+000
  0.000000000000000E+000  0.000000000000000E+000  0.000000000000000E+000
  0.000000000000000E+000  0.000000000000000E+000  0.000000000000000E+000
  0.000000000000000E+000  0.000000000000000E+000  0.000000000000000E+000
  0.000000000000000E+000  0.000000000000000E+000  0.000000000000000E+000
  0.000000000000000E+000  0.000000000000000E+000  0.000000000000000E+000
  0.000000000000000E+000  0.000000000000000E+000  0.000000000000000E+000
  0.000000000000000E+000  0.000000000000000E+000  0.000000000000000E+000
  0.000000000000000E+000  0.000000000000000E+000  0.000000000000000E+000
  0.000000000000000E+000  0.000000000000000E+000  0.000000000000000E+000
  0.000000000000000E+000  0.000000000000000E+000  0.000000000000000E+000
  0.000000000000000E+000  0.000000000000000E+000  0.000000000000000E+000
  0.000000000000000E+000  0.000000000000000E+000  0.000000000000000E+000
  0.000000000000000E+000  0.000000000000000E+000  0.000000000000000E+000
  0.000000000000000E+000  0.000000000000000E+000  0.000000000000000E+000
  0.000000000000000E+000  0.000000000000000E+000  0.000000000000000E+000
  0.000000000000000E+000  0.000000000000000E+000  0.000000000000000E+000
  0.000000000000000E+000  0.000000000000000E+000  0.000000000000000E+000
  0.000000000000000E+000  0.000000000000000E+000  0.000000000000000E+000
