         399   100.000100002196     
   30.4429281072125        30.4429281072125        24.6166000000000     
   6.79330000000000        6.79330000000000        11.6922000000000     
           1           1           1           1           1           1
           1           1           1           1           1           1
           1           1           1           1           1           1
           1           1           1           1           1           1
           1           1           1           1           1           1
           1           1           1           1           1           1
           1           1           1           1           1           1
           1           1           1           1           1           1
           1           1           1           1           1           1
           1           1           1           1           1           1
           1           1           1           1           1           1
           1           1           1           1           1           1
           1           1           1           1           1           1
           1           1           1           1           1           1
           1           1           1           1           1           1
           1           1           1           1           1           1
           1           1           1           1           1           1
           1           1           1           1           1           1
           1           1           1           1           1           1
           1           1           1           1           1           1
           1           1           1           1           1           1
           1           1           1           1           1           1
           1           1           1           1           1           1
           1           1           1           1           1           1
           1           1           1           1           1           1
           1           1           1           1           1           1
           1           1           1           1           1           1
           1           1           1           1           1           1
           1           1           1           1           1           1
           1           1           1           1           1           1
           1           1           1           1           1           1
           1           1           1           1           1           1
           1           1           1           1           1           1
           1           1           1           1           1           1
           1           1           1           1           1           1
           1           1           1           1           1           1
           1           1           1           1           1           1
           1           1           1           1           1           1
           1           1           1           1           1           1
           1           1           1           1           1           1
           1           1           1           1           1           1
           1           1           1           1           1           1
           1           1           1           1           1           1
           1           1           1           1           1           1
           1           1           1           1           1           1
           1           1           1           1           1           1
           1           1           1           1           1           1
           1           1           1           1           1           1
           1           1           1           1           1           1
           1           1           1           1           1           1
           1           1           1           1           1           1
           1           1           1           1           1           1
           1           1           1           1           1           1
           1           1           1           1           1           1
           1           1           1           1           1           1
           1           1           1           1           1           1
           1           1           1           1           1           1
           1           1           1           1           1           1
           1           1           1           1           1           1
           1           1           1           1           1           1
           1           1           1           1           1           1
           1           1           1           1           1           1
           1           1           1           1           1           1
           1           1           1           1           1           1
           1           1           1           1           1           1
           1           1           1           1           1           1
           1           1           1
           3   13.2423239057180        6.79330000000000     
  -1.77160724643199                3   13.1012547710722     
   8.13488076098106       -1.77160724643199                3
   12.9267695291608        8.78621005627232      -0.139846583623935     
           3   12.3779669266127        10.0185239437840     
 -0.139846583623935                3   12.0106745430711     
   10.5839396678395       -1.77160724643199                3
   11.1079649863118        11.5864228857814       -1.77160724643199     
           3   10.5839396678395        12.0106745430711     
 -0.139846583623935                3   9.41570496329932     
   12.6851672763536      -0.139846583623935                3
   8.78621005627232        12.9267695291608       -1.77160724643199     
           3   7.46665354780958        13.2071040881153     
  -1.77160724643199                3   6.79330000000000     
   13.2423239057180      -0.139846583623935                3
   5.45171923901968        13.1012547710722      -0.139846583623935     
           3   4.80048487585002        12.9267695291608     
  -1.77160724643199                3   3.56817098834364     
   12.3779669266127       -1.77160724643199                3
   3.00266033216470        12.0106745430711      -0.139846583623935     
           3   2.00027204634818        11.1079649863118     
 -0.139846583623935                3   1.57592545693516     
   10.5839396678395       -1.77160724643199                3
  0.901527655776254        9.41570496329932       -1.77160724643199     
           3  0.659925402967990        8.78621005627232     
 -0.139846583623935                3  0.379495911888801     
   7.46665354780958      -0.139846583623935                3
  0.344276094288287        6.79330000000000       -1.77160724643199     
           3  0.485345228934166        5.45171923901968     
  -1.77160724643199                3  0.659925402967990     
   4.80048487585002      -0.139846583623935                3
   1.20863307339312        3.56817098834364      -0.139846583623935     
           3   1.57592545693516        3.00266033216470     
  -1.77160724643199                3   2.47863501369617     
   2.00027204634818       -1.77160724643199                3
   3.00266033216470        1.57592545693516      -0.139846583623935     
           3   4.17098996882700       0.901527655776254     
 -0.139846583623935                3   4.80048487585002     
  0.659925402967990       -1.77160724643199                3
   6.11994645219042       0.379495911888801       -1.77160724643199     
           3   6.79330000000000       0.344276094288287     
 -0.139846583623935                3   8.13488076098106     
  0.485345228934166      -0.139846583623935                3
   8.78621005627232       0.659925402967990       -1.77160724643199     
           3   10.0185239437840        1.20863307339312     
  -1.77160724643199                3   10.5839396678395     
   1.57592545693516      -0.139846583623935                3
   11.5864228857814        2.47863501369617      -0.139846583623935     
           3   12.0106745430711        3.00266033216470     
  -1.77160724643199                3   12.6851672763536     
   4.17098996882700       -1.77160724643199                3
   12.9267695291608        4.80048487585002      -0.139846583623935     
           3   13.2071040881153        6.11994645219042     
 -0.139846583623935                3   13.2423239057180     
   6.79330000000000        1.49178150194744                3
   13.1012547710722        8.13488076098106        1.49178150194744     
           0   12.4909072191440        9.29863135834018     
   2.28171876401349                0   12.6296487661162     
   5.54270726262030        2.22010775858762                3
   12.0106745430711        10.5839396678395        1.49178150194744     
           3   11.1079649863118        11.5864228857814     
   1.49178150194744                0   19.6692066663404     
   13.9276965235881       -159.852006876436                0
   10.3181172567844        11.3801115350068        9.12788246940498     
           3   8.78621005627232        12.9267695291608     
   1.49178150194744                3   7.46665354780958     
   13.2071040881153        1.49178150194744                0
   6.17243981830881        12.7197389633116        2.26507110645341     
           0   16.1884014746837        15.8820377727978     
  -160.432207482005                3   4.80048487585002     
   12.9267695291608        1.49178150194744                3
   3.56817098834364        12.3779669266127        1.49178150194744     
           0   2.83768469325903        11.2126855664955     
   2.29013371896774                0   17.1788434135544     
   14.7872237201814       -160.049576679437                3
   1.57592545693516        10.5839396678395        1.49178150194744     
           3  0.901527655776254        9.41570496329932     
   1.49178150194744                0  0.674660038104258     
   7.82236143937348        8.81914855398506                0
   18.4190725563620        14.1975534967218       -160.665129340836     
           3  0.344276094288287        6.79330000000000     
   1.49178150194744                3  0.485345228934166     
   5.45171923901968        1.49178150194744                0
   1.12096006020733        4.50805654756892        8.80512802420877     
           0   1.33952186699917        4.33302462575836     
   2.24647245880871                3   1.57592545693516     
   3.00266033216470        1.49178150194744                3
   2.47863501369617        2.00027204634818        1.49178150194744     
           0   3.74730587870216        2.29120594625672     
   8.91841681562997                0   3.77827761079062     
   1.56750831812440        2.24271906857852                3
   4.80048487585002       0.659925402967990        1.49178150194744     
           3   6.11994645219042       0.379495911888801     
   1.49178150194744                0   7.19573067396733     
   2.03117563796378        9.07965992465729                0
   7.38518134865622       0.976123804671309        2.33650382599464     
           3   8.78621005627232       0.659925402967990     
   1.49178150194744                3   10.0185239437840     
   1.20863307339312        1.49178150194744                0
   10.1218004860663        3.54695488929499        9.06737359918803     
           0   10.8321450012599        2.34322223873763     
   2.39734831511960                3   12.0106745430711     
   3.00266033216470        1.49178150194744                3
   12.6851672763536        4.17098996882700        1.49178150194744     
           0   11.7351667214515        6.58665225683862     
   9.35955733895581                0   12.5948203910859     
   9.05571873989956        9.32493861705925                0
   12.4631956799916        7.70773882578108        10.0144191293665     
           0   20.9656303858843        14.4236947260529     
  -160.220275708314                0   14.6883742114769     
   9.56210828246159        11.2942776745199                0
   13.6487657904986        10.5119230313194        11.1295614672939     
           0   12.6806036275332        10.3450049611888     
   9.98862882505300                0   11.6222785541639     
   11.4132736192721        9.86886758463102                0
   11.4987251699852        12.4347399638572        10.9741532734775     
           0   10.1049136494698        13.0233173372887     
   10.9011664199568                0   9.44680457541534     
   12.4361851107228        9.75623977315647                0
   8.01037684062159        12.5166731856217        9.65875430213816     
           0   7.19572068114403        12.9853910899267     
   10.7763130718131                0   5.74840566227811     
   12.8893116959514        10.7622607225664                0
   4.99607869107107        12.7255524994946        9.53817984224509     
           0   3.59369296955476        12.4057721605835     
   9.62644028696727                0   3.00716603391351     
   11.9172484949726        10.8281701661174                0
   1.89835815288624        10.9361543347107        10.8258590124058     
           0   1.49641592967832        10.1863576046611     
   9.61509097201186                0  0.589226087912719     
   9.05623446767780        9.61663187268476                0
 -0.110458411588638        8.77808680940624        10.9023241952415     
           0 -0.552514510060659        7.41261060640218     
   10.9144082225270                0 -9.717532921085414E-002
   6.75648055810335        9.63284989995937                0
  0.103555900946660        5.31714310091968        9.63924696045457     
           0 -0.236785998207462        4.55155655489467     
   10.8734150886222                0  0.487401932178843     
   3.23499133104569        10.8453168687618                0
   1.31645962929435        3.16869899378687        9.63502052600786     
           0   2.39368819596346        2.19175276170642     
   9.61756478222301                0   2.61283960506869     
   1.35337533375769        10.8240242388370                0
   3.96587869826800       0.811651179023858        10.8163084069010     
           0   4.69806735729098        1.44051439089491     
   9.73331195373434                0   6.11518745311852     
   1.13677157543280        9.63139262684179                0
   6.76706636184358       0.284990756495737        10.6634705896162     
           0   8.19820242128398       0.550923757986095     
   10.6881351278693                0   8.49794520644848     
   1.52107638825615        9.60603799060854                0
   9.79000265645626        2.21659849768210        9.64493938549208     
           0   10.7019518019869        1.89480041774671     
   10.7954368248982                0   11.7361727735413     
   2.93404472752946        10.8323253544190                0
   11.4111373641792        3.92000905657118        9.75861029940906     
           0   12.1042097985094        5.20504511707384     
   9.76001243579550                0   13.0945878271341     
   5.47279137375430        10.8615779866996                0
   13.4780414132047        6.91438958267197        10.9436128657058     
           0   14.0898241318860        7.35815343555966     
   12.2223452527776                0   14.5835907698018     
   8.70744521362521        12.3902389020255                0
   14.3551440560822        9.39136442023971        13.6631412772500     
           0   13.6611825607695        10.7115476875257     
   13.6343947451824                0   13.2212477167254     
   11.2361801293915        12.3254881705871                0
   12.1070769538774        12.2216153824951        12.2528309688358     
           0   11.3937110074447        12.6264272032043     
   13.4811554101389                0   10.0347017982408     
   13.1681530740573        13.4284844512135                0
   9.37494339889792        13.2975379480359        12.0998400591968     
           0   7.90504404698623        13.2905757990188     
   12.0695707798318                0   7.13367554737954     
   13.3835083962631        13.3241696178995                0
   5.68582178056555        13.1388689596013        13.2980147524676     
           0   4.97023847707969        12.8932908231460     
   12.0469935233023                0   3.62069138319988     
   12.3358343818073        12.0598745351565                0
   2.91700126895213        12.0420648132586        13.3287505751847     
           0   1.82098105940432        11.0967740031511     
   13.3433420384954                0   1.27366135242508     
   10.5678899506272        12.0858817114927                0
  0.325964049610572        9.42217518939800        12.1315024348900     
           0 -1.201420126071273E-002   8.77845009415131     
   13.3895296651623                0 -0.461132830065590     
   7.40147757782136        13.4209397498724                0
 -0.712013884071399        6.65768577275476        12.1516674187579     
           0 -0.528834040310974        5.21473136683215     
   12.1526957676572                0 -0.186137144567286     
   4.51538655304331        13.4472426444420                0
  0.655802168905259        3.30728554537626        13.4018227718586     
           0  0.982608297961429        2.67901508652383     
   12.1318886071516                0   1.95685355036904     
   1.63856179058550        12.0667205996575                0
   2.58006922487089        1.13580350327742        13.3391397843776     
           0   3.89509610945738       0.539379175858185     
   13.3390719083477                0   4.61418386056889     
  0.402359797341771        12.0338620529949                0
   6.06432201808502       0.125095460471879        11.9865562911050     
           0   6.83940918042883       5.414218651944402E-002
   13.2313046079286                0   8.27774394225287     
  0.307489776515935        13.2418771364303                0
   8.98102282819164       0.533428359454609        11.9906556773948     
           0   10.2527346042689        1.28357383312441     
   12.0297438273344                0   10.8351085696524     
   1.70708304118562        13.2985362776348                0
   11.9054479662879        2.68334654465067        13.3202145141698     
           0   12.3579045458075        3.35022268427178     
   12.0625735514849                0   13.0434762189447     
   4.66407206646295        12.1030453469865                0
   13.5012126546865        5.16011989922409        13.3828874183884     
           0   13.9357563563558        6.53870619043924     
   13.4526108258317                0   14.2079513045236     
   7.14945255503106        14.7714911990488                0
   14.3307684552360        8.59706269482471        14.8703704349121     
           0   14.0520697919282        9.27027286632985     
   16.1387470928349                0   13.3534685923803     
   10.5849106031030        16.1275401060251                0
   13.0039758890672        11.1774120729775        14.8528913807226     
           0   11.9440388927789        12.2013966820905     
   14.7934073882950                0   11.2384861513492     
   12.6176644842425        16.0296656556981                0
   9.91161885184346        13.2363789833222        15.9678727962448     
           0   9.26750861157124        13.3136920726804     
   14.6497390234163                0   7.82417570279862     
   13.4706475253886        14.5840037578067                0
   7.05094066749721        13.4774302514195        15.8702212193628     
           0   5.59840529641224        13.2220486419268     
   15.8409411560255                0   4.91504050795810     
   13.0244545660723        14.5612645130805                0
   3.53295104946287        12.4639613939544        14.5850083447969     
           0   2.95761438490300        12.0166637365369     
   15.8555597617113                0   1.82299728533916     
   11.0937111601241        15.8826986691340                0
   1.30078808770881        10.5793914962525        14.6067803612664     
           0  0.412857053147666        9.45829284230648     
   14.6277293675283                0  5.561637695077692E-002
   8.86488354754680        15.8933826262930                0
 -0.296068806818257        7.42597597931240        15.9475266831450     
           0 -0.523388055604116        6.67921140675883     
   14.7082495689174                0 -0.440704770692142     
   5.20089086187867        14.7084444184133                0
 -3.492302087517185E-002   4.58650416424355        15.9421514564323     
           0  0.645451425956702        3.29206873775930     
   15.9166352190305                0   1.01101240719433     
   2.67494243516985        14.6684829644763                0
   1.93923808066335        1.50515725641410        14.6310925560314     
           0   2.60734864845840        1.16060547663547     
   15.8945466803687                0   3.94194826543095     
  0.523940389839091        15.8220702822775                0
   4.62767187357855       0.272434686351046        14.5572279912392     
           0   6.09909247801018       8.046105967670680E-002
   14.5444561451518                0   6.82725536783260     
  4.763554411742454E-002   15.7632847876894                0
   8.27869712440260       0.209909371491026        15.8164033997163     
           0   8.94968232414047       0.492984483228283     
   14.5246956346975                0   10.2781484108605     
   1.13751000592366        14.5485288764564                0
   10.8419074000637        1.55848474130737        15.8396994863885     
           0   11.8972848697306        2.61046159505384     
   15.8476242497807                0   12.3408347907611     
   3.21447185093606        14.5778441996630                0
   13.1737812566259        4.40679787732721        14.6044428108178     
           0   13.6226651792134        4.94709342667617     
   15.9250886655561                0   14.0830506660705     
   6.35630513205441        16.0251270675305                0
   14.1147465318692        7.00432234002515        17.3117559296299     
           0   14.0093021256288        8.47190882259220     
   17.3688255153950                0   13.7391363680951     
   9.13554438430911        18.6003192849469                0
   13.1617658559216        10.5148154288668        18.5938579750604     
           0   12.8494639886313        11.1410245700462     
   17.3278074030314                0   11.7954490147551     
   12.1510878377404        17.3013073600731                0
   11.1452597001883        12.5924005088445        18.5125626306471     
           0   9.84159030713216        13.3372107675112     
   18.4764483768300                0   9.19535123975913     
   13.5689123996377        17.1421483995716                0
   7.72717322853847        13.6722644255846        17.1456898495966     
           0   6.93744037848981        13.7297744210783     
   18.4092211538533                0   5.51573843230543     
   13.4540947929449        18.3802320348205                0
   4.89183626881878        13.1266163396352        17.1142055833371     
           0   3.55540721209520        12.4403950764200     
   17.1097925402090                0   2.85338707817788     
   12.1742341703798        18.3600134156031                0
   1.68516354030661        11.2406041106166        18.3878211027581     
           0   1.19138881172147        10.6814326500391     
   17.1465493329176                0  0.301204729571960     
   9.53852201231375        17.1311570728087                0
  3.488182351571734E-002   8.88560443153722        18.3840603964237     
           0 -9.710324138353510E-002   7.43329962830899     
   18.4328739851887                0 -0.283202470575740     
   6.70603342483593        17.1862689306594                0
 -0.209389240669255        5.28657767755263        17.1952980549735     
           0  5.408181225164199E-002   4.58946604850741     
   18.4685999607000                0  0.695474335360069     
   3.29356743033397        18.4320240529653                0
   1.02170240170062        2.66548403686908        17.1339937262979     
           0   2.02227941988315        1.60182796328126     
   17.1451327792811                0   2.61996809185590     
   1.14037750884371        18.3899608910451                0
   3.97336556473057       0.424467614430868        18.3686761232254     
           0   4.64258268524713       0.145477737655974     
   17.0334118043529                0   6.08254974591184     
 -4.911588356035868E-002   17.0336306318481                0
   6.85529208183664      -9.592464165803083E-002   18.3348439511163     
           0   8.28064737947865       0.139086945240321     
   18.3682881998503                0   8.96152133350133     
  0.427916473124567        17.1035307436391                0
   10.2555982180849        1.15046110572950        17.0839362806674     
           0   10.8647983195062        1.53135281053926     
   18.3532586481032                0   11.9627543640066     
   2.45846207147616        18.3849861138026                0
   12.4049869897779        3.10261036447161        17.1155275772124     
           0   13.2997296709219        4.21911334449520     
   17.1813880117504                0   13.6488792460448     
   4.80602535784218        18.4675770138273                0
   14.0237428198950        6.21990488435877        18.5436383555159     
           0   13.9013515964548        6.94895405412500     
   19.7839485925466                0   13.7695016179581     
   8.38338634975489        19.8201698319382                0
   13.5692495254549        9.05574908817106        21.0611187789577     
           0   13.0204829951826        10.4034444309684     
   21.0783175713668                0   12.7117467203355     
   11.0960630405496        19.8528739066535                0
   11.6975913221261        12.1346643562890        19.8092803528494     
           0   11.0134755551546        12.4835718472251     
   21.0410086112902                0   9.72993873997403     
   13.2067578000950        21.0176980851428                0
   9.06484839527457        13.4540660548743        19.7209760641122     
           0   7.62751775530183        13.7473397414895     
   19.6837640142408                0   6.84154745730927     
   13.7759466257503        20.9278783271533                0
   5.41929731810484        13.5443872330428        20.9332942258231     
           0   4.72093251448582        13.3595279905553     
   19.6603514057107                0   3.45404802924507     
   12.6221977864688        19.6161302529598                0
   2.82025649223223        12.2377826906810        20.8639705703745     
           0   1.59931722604254        11.3844737605392     
   20.8789159116887                0   1.08511528324819     
   10.8494205617856        19.6451529636974                0
  0.301132472824431        9.58946598101127        19.6765456854686     
           0  9.126028987624846E-002   8.89927640527749     
   20.9316438412188                0 -0.209183130895608     
   7.49817585268160        20.9551677351381                0
 -0.133613230163165        6.73313966652517        19.7066116574652     
           0 -5.049701658848615E-002   5.30838781789838     
   19.7374925091122                0 -4.428162481346387E-002
   4.57684246820694        21.0320985636498                0
  0.500185267310400        3.20451107925848        21.0304611089172     
           0   1.00759540006259        2.63081412247271     
   19.6816973235301                0   2.07774136658101     
   1.59172294745574        19.6906644171648                0
   2.68719405807939        1.14661461761929        20.9267786910559     
           0   3.98568100724715       0.469100582189708     
   20.8869759489270                0   4.69598358695533     
  0.295082612299784        19.6447970799999                0
   6.10257179916800      -0.174546408223264        19.6435452738837     
           0   6.83051597468013      -0.162719474357184     
   20.9246595992123                0   8.28037157189858     
  1.021789333413459E-003   20.9036122702593                0
   8.97231910766516       0.352073803736199        19.6194762670575     
           0   10.3064704654873       0.990559286119353     
   19.6290019842620                0   10.9246883312276     
   1.32512200231457        20.8836019669463                0
   12.0379830302941        2.26207367764858        20.8963552430607     
           0   12.4487496667740        2.91292138552326     
   19.6634873945822                0   13.2634881189689     
   4.13999494474811        19.7130122246110                0
   13.4284858559250        4.78968483085082        20.9647746102210     
           0   13.8215795537702        6.16326102225678     
   21.0087505101086                0   13.8329261268492     
   6.86777366941917        22.3066744280464                0
   13.7030184231627        8.30943529647079        22.3312677506127     
           0   13.4736738359053        8.97760878763457     
   23.5937548180878                0   12.8765176606327     
   10.2894766200254        23.5836493951971                0
   12.5186852165491        10.9360690901885        22.3425137808160     
           0   11.5038069136098        11.9349632196891     
   22.2956420782234                0   10.9503690306282     
   12.4658523985972        23.5705869413749                0
   9.68654943697615        13.2487907538672        23.5293415322868     
           0   9.03277417285660        13.5216401268043     
   22.2636281003063                0   7.58287556665987     
   13.8495869039250        22.2016552742041                0
   6.84157255188942        13.8179083002972        23.4976550263631     
           0   5.35861172467340        13.5655450268696     
   23.4829140038273                0   4.69218284838043     
   13.3768644078250        22.2220818880030                0
   3.38205159240017        12.6552099302667        22.1902986983028     
           0   2.73870957036045        12.2969406729666     
   23.4459668746861                0   1.59493717626909     
   11.4420317573560        23.4482313702974                0
   1.13433425976582        10.8362232990784        22.1727533199457     
           0  0.324674374331629        9.63451948861710     
   22.1995955045466                0  8.407826552011599E-002
   8.95573995395326        23.4875480119957                0
 -0.157056037559312        7.51849559999231        23.5106629468403     
           0 -0.354061366930576        6.78262053518962     
   22.2659621985688                0 -0.188378409984360     
   5.29728996583121        22.2801131864471                0
  5.958372466976680E-002   4.61029305753197        23.5535492173816     
           0  0.580544869116220        3.23984339317776     
   23.5235813634555                0  0.975687231647759     
   2.62580916583489        22.2215693040237                0
   2.11980377017897        1.67078128252782        22.2100238041893     
           0   2.72941921421003        1.21470134860356     
   23.4945310979995                0   4.03179064752804     
  0.535579675751374        23.4515076098711                0
   4.68011715817958       0.199058201439578        22.1482248619622     
           0   6.09429156925944      -0.175451998838221     
   22.1648420547469                0   6.78870057506108     
 -0.110131685702437        23.4486620345911                0
   8.23992304767719       5.685852050268636E-002   23.4551671196915     
           0   8.96707441608358       0.205649880587386     
   22.1604105043891                0   10.2522323625834     
  0.951307787245889        22.1570424566108                0
   10.8687432115773        1.29444934586986        23.4637509325879     
           0   11.9919639072605        2.19621392094427     
   23.4475092197373                0   12.4998742276577     
   2.76798266918103        22.1780999403690                0
   13.1981906978361        4.02934609549288        22.2317866955883     
           0   13.4561978050645        4.67318115292090     
   23.5226036322006                0   13.8177250101350     
   6.10565092356991        23.5596925767710                0
   13.6408075088505        6.82719561055773        24.7952478314079     
           0   13.4549170472221        8.20812918657859     
   24.8121659378947                3   12.9267695291608     
   8.78621005627232        25.9675285579045                3
   12.3779669266127        10.0185239437840        25.9675285579045     
           0   12.2982069177848        10.7874014743702     
   24.8183909097594                0   11.4264218240448     
   11.9056155937188        24.8249817040840                3
   10.5839396678395        12.0106745430711        25.9675285579045     
           3   9.41570496329932        12.6851672763536     
   25.9675285579045                0   8.95226715489520     
   13.4010157055646        24.8065817921105                0
   7.53040243947251        13.6147566243719        24.7558157091947     
           3   6.79330000000000        13.2423239057180     
   25.9675285579045                3   5.45171923901968     
   13.1012547710722        25.9675285579045                0
   4.70404107729882        13.2195811465555        24.7128804541457     
           0   3.40542918714562        12.6283418984438     
   24.7109454094936                3   3.00266033216470     
   12.0106745430711        25.9675285579045                3
   2.00027204634818        11.1079649863118        25.9675285579045     
           0   1.18156259918263        10.8256735869660     
   24.7413469291213                0  0.459153820177025     
   9.57758831724769        24.7448126656738                3
  0.659925402967990        8.78621005627232        25.9675285579045     
           3  0.379495911888801        7.46665354780958     
   25.9675285579045                0  3.394613875573516E-002
   6.78324360882085        24.7743798787109                0
  0.126206579452461        5.39753626554893        24.7997202674392     
           3  0.659925402967990        4.80048487585002     
   25.9675285579045                3   1.20863307339312     
   3.56817098834364        25.9675285579045                0
   1.21415928710097        2.74154534549464        24.7653502204342     
           0   2.22302536670030        1.72391688404624     
   24.7671580973132                3   3.00266033216470     
   1.57592545693516        25.9675285579045                3
   4.17098996882700       0.901527655776254        25.9675285579045     
           0   4.70909444261770       0.367165857548993     
   24.7256427366031                0   6.08347644023235     
  4.960910123963469E-002   24.7403618280357                3
   6.79330000000000       0.344276094288287        25.9675285579045     
           3   8.13488076098106       0.485345228934166     
   25.9675285579045                0   8.88155097608458     
  0.380761348277222        24.7192622356695                0
   10.1494510122198        1.02970712341966        24.7231983491647     
           3   10.5839396678395        1.57592545693516     
   25.9675285579045                3   11.5864228857814     
   2.47863501369617        25.9675285579045                0
   12.2994172038402        2.81906413039421        24.7317150792622     
           0   12.9663124219239        4.07200141461735     
   24.7587881418730                3   12.9267695291608     
   4.80048487585002        25.9675285579045                3
   13.2071040881153        6.11994645219042        25.9675285579045     
           3   13.2423239057180        6.79330000000000     
   27.5991566434773                3   13.1012547710722     
   8.13488076098106        27.5991566434773                3
   12.9267695291608        8.78621005627232        29.2309173062714     
           3   12.3779669266127        10.0185239437840     
   29.2309173062714                3   12.0106745430711     
   10.5839396678395        27.5991566434773                3
   11.1079649863118        11.5864228857814        27.5991566434773     
           3   10.5839396678395        12.0106745430711     
   29.2309173062714                3   9.41570496329932     
   12.6851672763536        29.2309173062714                3
   8.78621005627232        12.9267695291608        27.5991566434773     
           3   7.46665354780958        13.2071040881153     
   27.5991566434773                3   6.79330000000000     
   13.2423239057180        29.2309173062714                3
   5.45171923901968        13.1012547710722        29.2309173062714     
           3   4.80048487585002        12.9267695291608     
   27.5991566434773                3   3.56817098834364     
   12.3779669266127        27.5991566434773                3
   3.00266033216470        12.0106745430711        29.2309173062714     
           3   2.00027204634818        11.1079649863118     
   29.2309173062714                3   1.57592545693516     
   10.5839396678395        27.5991566434773                3
  0.901527655776254        9.41570496329932        27.5991566434773     
           3  0.659925402967990        8.78621005627232     
   29.2309173062714                3  0.379495911888801     
   7.46665354780958        29.2309173062714                3
  0.344276094288287        6.79330000000000        27.5991566434773     
           3  0.485345228934166        5.45171923901968     
   27.5991566434773                3  0.659925402967990     
   4.80048487585002        29.2309173062714                3
   1.20863307339312        3.56817098834364        29.2309173062714     
           3   1.57592545693516        3.00266033216470     
   27.5991566434773                3   2.47863501369617     
   2.00027204634818        27.5991566434773                3
   3.00266033216470        1.57592545693516        29.2309173062714     
           3   4.17098996882700       0.901527655776254     
   29.2309173062714                3   4.80048487585002     
  0.659925402967990        27.5991566434773                3
   6.11994645219042       0.379495911888801        27.5991566434773     
           3   6.79330000000000       0.344276094288287     
   29.2309173062714                3   8.13488076098106     
  0.485345228934166        29.2309173062714                3
   8.78621005627232       0.659925402967990        27.5991566434773     
           3   10.0185239437840        1.20863307339312     
   27.5991566434773                3   10.5839396678395     
   1.57592545693516        29.2309173062714                3
   11.5864228857814        2.47863501369617        29.2309173062714     
           3   12.0106745430711        3.00266033216470     
   27.5991566434773                3   12.6851672763536     
   4.17098996882700        27.5991566434773                3
   12.9267695291608        4.80048487585002        29.2309173062714     
  0.000000000000000E+000  0.000000000000000E+000  0.000000000000000E+000
  0.000000000000000E+000  0.000000000000000E+000  0.000000000000000E+000
  0.000000000000000E+000  0.000000000000000E+000  0.000000000000000E+000
  0.000000000000000E+000  0.000000000000000E+000  0.000000000000000E+000
  0.000000000000000E+000  0.000000000000000E+000  0.000000000000000E+000
  0.000000000000000E+000  0.000000000000000E+000  0.000000000000000E+000
  0.000000000000000E+000  0.000000000000000E+000  0.000000000000000E+000
  0.000000000000000E+000  0.000000000000000E+000  0.000000000000000E+000
  0.000000000000000E+000  0.000000000000000E+000  0.000000000000000E+000
  0.000000000000000E+000  0.000000000000000E+000  0.000000000000000E+000
  0.000000000000000E+000  0.000000000000000E+000  0.000000000000000E+000
  0.000000000000000E+000  0.000000000000000E+000  0.000000000000000E+000
  0.000000000000000E+000  0.000000000000000E+000  0.000000000000000E+000
  0.000000000000000E+000  0.000000000000000E+000  0.000000000000000E+000
  0.000000000000000E+000  0.000000000000000E+000  0.000000000000000E+000
  0.000000000000000E+000  0.000000000000000E+000  0.000000000000000E+000
  0.000000000000000E+000  0.000000000000000E+000  0.000000000000000E+000
  0.000000000000000E+000  0.000000000000000E+000  0.000000000000000E+000
  0.000000000000000E+000  0.000000000000000E+000  0.000000000000000E+000
  0.000000000000000E+000  0.000000000000000E+000  0.000000000000000E+000
  0.000000000000000E+000  0.000000000000000E+000  0.000000000000000E+000
  0.000000000000000E+000  0.000000000000000E+000  0.000000000000000E+000
  0.000000000000000E+000  0.000000000000000E+000  0.000000000000000E+000
  0.000000000000000E+000  0.000000000000000E+000  0.000000000000000E+000
  0.000000000000000E+000  0.000000000000000E+000  0.000000000000000E+000
  0.000000000000000E+000  0.000000000000000E+000  0.000000000000000E+000
  0.000000000000000E+000  0.000000000000000E+000  0.000000000000000E+000
  0.000000000000000E+000  0.000000000000000E+000  0.000000000000000E+000
  0.000000000000000E+000  0.000000000000000E+000  0.000000000000000E+000
  0.000000000000000E+000  0.000000000000000E+000  0.000000000000000E+000
  0.000000000000000E+000  0.000000000000000E+000  0.000000000000000E+000
  0.000000000000000E+000  0.000000000000000E+000  0.000000000000000E+000
  0.000000000000000E+000  0.000000000000000E+000  0.000000000000000E+000
  0.000000000000000E+000  0.000000000000000E+000  0.000000000000000E+000
  0.000000000000000E+000  0.000000000000000E+000  0.000000000000000E+000
  0.000000000000000E+000  0.000000000000000E+000  0.000000000000000E+000
  0.000000000000000E+000  0.000000000000000E+000  0.000000000000000E+000
  0.000000000000000E+000  0.000000000000000E+000  0.000000000000000E+000
  0.000000000000000E+000  0.000000000000000E+000  0.000000000000000E+000
  0.000000000000000E+000  0.000000000000000E+000  0.000000000000000E+000
  0.000000000000000E+000  0.000000000000000E+000  0.000000000000000E+000
  0.000000000000000E+000  0.000000000000000E+000  0.000000000000000E+000
  -2.30872408875591        5.12762790557294        3.98008467253519     
   1.05986976424148        2.01625035995019        5.63156324353275     
  0.000000000000000E+000  0.000000000000000E+000  0.000000000000000E+000
  0.000000000000000E+000  0.000000000000000E+000  0.000000000000000E+000
  -9.42656137290299       -7.07073659381892       -14.0259140597364     
  0.502251672306048       -3.34249039226658       0.829895909157465     
  0.000000000000000E+000  0.000000000000000E+000  0.000000000000000E+000
  0.000000000000000E+000  0.000000000000000E+000  0.000000000000000E+000
  0.992181656961178       -1.78608839189364        3.04371982085641     
   13.7624899452896        5.71881225654690       -13.2691259602410     
  0.000000000000000E+000  0.000000000000000E+000  0.000000000000000E+000
  0.000000000000000E+000  0.000000000000000E+000  0.000000000000000E+000
   4.83310215509796       -2.05477194177650       -6.51194301342973     
  -9.74026506491361       -13.2061945829286        12.9190689376062     
  0.000000000000000E+000  0.000000000000000E+000  0.000000000000000E+000
  0.000000000000000E+000  0.000000000000000E+000  0.000000000000000E+000
  -3.03796722417003        3.10808923750968       -1.68286835936096     
 -0.784855434873901        7.82600630644619        8.45606301920614     
  0.000000000000000E+000  0.000000000000000E+000  0.000000000000000E+000
  0.000000000000000E+000  0.000000000000000E+000  0.000000000000000E+000
 -0.939331712987323       -3.47027664362671        9.13815029408867     
  -7.18123827620146        3.94095406070415       -6.27362226593205     
  0.000000000000000E+000  0.000000000000000E+000  0.000000000000000E+000
  0.000000000000000E+000  0.000000000000000E+000  0.000000000000000E+000
   1.56617495084003      -8.203759014456273E-002  -5.43833645390672     
   6.56090406754708        14.3582182729450        3.52601460739669     
  0.000000000000000E+000  0.000000000000000E+000  0.000000000000000E+000
  0.000000000000000E+000  0.000000000000000E+000  0.000000000000000E+000
  -3.45482062900182        1.85930583405009       -2.95813395192529     
  -7.52172197249582        5.99966002339300       -7.66622281375652     
  0.000000000000000E+000  0.000000000000000E+000  0.000000000000000E+000
  0.000000000000000E+000  0.000000000000000E+000  0.000000000000000E+000
   3.61263484509392       -3.55510554123472        6.65352965815433     
   2.76823488330317        8.93430356441518       -4.23912257224940     
  0.000000000000000E+000  0.000000000000000E+000  0.000000000000000E+000
  0.000000000000000E+000  0.000000000000000E+000  0.000000000000000E+000
   3.49078235643967        1.29646077498154      -0.728564560133911     
   3.59883997346314       -3.32706991118626        1.45836235462514     
   3.45495508608327       0.938573985357706       -3.55628235381225     
 -0.943522658274786        9.86799193164613       -1.38542725618243     
  0.177887607860790      -0.162625215299575      -0.907912449509975     
  -2.81409133600921       -7.23620581345305        4.24744762864924     
  -9.43174736413462      -0.977414673777339       8.069395075229966E-003
  -7.08575546565984       0.428403639349477       -4.52354319160777     
  0.573598175771420        8.92516634592328       -1.80359485767229     
  -3.31904731420429       -1.96719272800547        3.33695528732550     
  2.378050436835187E-002   7.20036204536162        1.68359901722540     
  -8.28740323323084       -5.52068480328406        1.51802845957847     
  -6.72915516409357        1.18601324151637       0.312306171016519     
  -4.18904313706705       -3.26633835220623       -4.59888231225990     
   4.01505599291151      -0.353949107875990       -8.06175116309090     
  -1.05970399673333        1.52705229886224       -1.20056330744239     
   6.50337768578475       -3.44822489908599       -3.52342531418721     
   1.42572391251735        2.78559554367771       0.242988707460265     
  -2.19039060249877        7.79715482104745        9.27085691435382     
  -2.05278765988247        5.38352419319713        3.98745373016062     
  -8.13688670058686        3.28440870105943       -6.54880235943832     
  -1.80109647425385        3.87407041629915        6.22393416150392     
  0.740251322232301       -1.21230052500290        2.56096249236965     
 -0.443904288197523       -6.52394557141755        1.65289555977821     
  -3.49729852188258        8.09555491261521       -1.86917268598901     
   6.93974425742325      -5.337688532714965E-002   4.53426344871243     
   1.71109858126043        2.44746276417221       -2.20511335343874     
  -2.69156064408976        3.74739674196557        5.56806997061597     
 -0.157770994665189        4.85742442064374        1.33449634602992     
  0.656910732733495       -8.14207832630991       -4.25311311380119     
  -7.32221196233849        2.60338512755917        6.57777794365006     
   2.79158816164368       -1.88879804372310       -3.66308126561324     
   2.54200101957754       -1.78155821093830        4.32676545502591     
   1.40366010703690       0.383846726756681      -9.419555514298697E-002
  -4.57064920032362       -4.39109903102862       0.740407215406637     
  0.727861187739627        1.19975175393165        4.27016699060582     
   4.20921608805875        3.08675744867890        1.95712554230333     
   3.67383412960168        8.73050285011689       -5.93074650219815     
 -0.708074794097291        8.13707157376329        2.21946490275979     
  -5.73624287988525      -0.350753103667813        2.22466224075009     
  -4.67599609784117       -3.27171794729115        11.2122574388282     
   6.21680800800736      -0.766777237577310       -1.03020722143939     
   7.42908799007333       -6.33342056559261      -8.640257228376327E-002
  -2.73593699601293        2.63665781181725        5.32513005714703     
  -6.91431898514146        2.34108085977902        10.7425766583660     
   3.27126061361094       -4.27093614179262        2.91224530039215     
   2.52912041415117       -7.70769071891148       -4.08355338114696     
   7.27108012214462        3.59570324291526        2.85616542938369     
  -5.88100710100701      -0.546060117984880       -2.89351244381562     
   1.08006544961316        4.48985940430076        2.39796803298191     
  0.475926887145976        4.51862994714384       -1.71550309700235     
   2.73398536245791      -0.400541416131807        3.12999478694812     
   4.71443042336379       -5.43405435836047       -5.11094056047624     
  -5.98904586377667       -4.76760477203976       -4.50079057789823     
  0.589608888274930        1.36383760401483        2.61793545711766     
  -3.34086073481393        5.67884395689619       -6.89474360464766     
   4.61045133499780       0.338503827447058        4.84624727374427     
  4.092286220248189E-002  -2.88997840096463      -0.625635342748432     
 -0.898201214695638      -0.387297974487012        2.25811264111514     
  -2.08345286729467        4.92546034362375      -0.601193521457332     
  -4.33656430894054        2.52646649364739       -3.13013070132311     
   3.21566684366003        8.43591429536800       -6.32629768697723     
  -3.05493573080059        4.08301923887315       -2.40477600705467     
  -3.01777489226648      -8.307993603765036E-002  -2.86475993622483     
  -4.60919018360489      -0.716936628686425        10.3686012719443     
   4.82288819602490        10.2482425167578       -8.11694866271054     
   6.29529491719698        4.54057582937882        3.30070554151495     
   9.53273859970118        9.02977230524317        1.21214520975838     
  -1.03294228680824       -1.57691332865766       -7.63653086554404     
   2.16473234523042        5.77764161577350      -0.493930762222262     
  0.264545905902009       -3.40429635302584       -6.52805522848143     
  -2.93028622655838      -0.564629674251800      -0.922791201624915     
   10.3262651673641        4.69739495781555       -6.98233561249006     
   4.85207226151967       -1.67787072317802       -1.82533067025660     
   5.66207541349585      -0.439199567541187       -1.11679354244538     
   7.26285551005924      -0.571287026338780        1.56992927731000     
   5.84488380318714        5.77756959495615       -7.24397443730816     
  0.862269214724698        2.97683126117339      -0.210801903569547     
 -0.400189770724316       -3.34136031588550       -3.01964473511697     
   3.16813180660095        1.58424677353842       -5.50546634154715     
  -5.30495661602168       -5.60876850476686       -2.01685243501069     
  -4.60796673532402       -3.85821852200489      -0.965167390299094     
  -3.81667641780569        3.13149438995612        2.53174485601966     
  -5.19496119359034       -2.40444346890370        1.33733788169238     
  -4.21245391690657       5.379381538676049E-002  -3.32451113990090     
   6.91358428818746        7.54435353709864        5.57859581872089     
  -4.85536158515069       -2.89979084058761       -4.95569352203289     
  -4.79002621491734        2.64470962445610       -1.65539167202856     
  -1.85355574432928       -5.22538149074720       -4.11442916778597     
  -5.64313245827047       0.134085734383438        3.63502755632204     
   3.02402718714445       -4.85025570198032       -1.01646203914835     
   3.89601188253794      -0.962778278562904        1.23780406087704     
  0.138956272194781      -0.774682269761494       -1.66791122062490     
   8.04306884029514       -3.10972907318965        1.36432569230277     
  -7.53733998744154       0.728655187969845       -3.09006105197962     
  0.778112667399292        7.55724280049010       -3.12765041820545     
  -4.67107279143907        7.17004483905470       -1.72439836192521     
  -1.61683000630530       -2.62808280600429       0.277420900025427     
   2.85824482306848        3.23837240644170        4.08994599484703     
  -5.71677774530375        5.32255213861652       0.632499821928681     
  -7.20864604736221      -0.320194340643604        5.04521141916799     
  -4.53813989995141       -3.80467629710610       -5.61167981210654     
   2.00763190161609        2.00247468334541        3.81008358484515     
 -0.182104198369944       -2.74797700742095       -3.70988628207156     
  -2.32365787515689       -1.04681465278516        1.18750066289940     
  -1.12774127682651      -0.780069982602488       0.863691497553301     
   4.62945952675839      -0.110277901794827       -4.78110121251793     
   11.6459056134499        1.83188111004430       -4.86358005645152     
   5.74830663928680       -4.09582501139125        1.77402547611190     
   1.34381631498577       -1.36645045640257       -3.86848539104177     
   4.10687114973606        1.43559345299961       -3.51264522704638     
 -0.302597734947906       0.496727263486863       -6.79970148424606     
   4.20535320015094       -1.93113812566200       -3.15218579308301     
  -2.28059345531294       -7.55291377488390       0.585117096963940     
   4.81064681646586       -6.09770757748672        1.39186084039275     
  -1.70003386859907       -3.21605873876213       -3.53107435522704     
   6.77900752974922        5.57438777283682       -7.19331353106530     
   15.2402052157713        5.59575827654356        1.98137157758588     
   1.02872711852514        2.56207691927530       -6.25110815838952     
  -2.62414923921951       -1.35762160376006       -3.11331972672213     
  -1.47543181532160       -4.13171560141308       -3.77853780929665     
  4.521703836567626E-002 -0.453347269666052       0.476028639862930     
  -5.81903171489285       -4.13789291961824        2.18141154563312     
   4.88265267135125        3.03504676780155        6.41448086366645     
  -1.71235867224354       -3.53045769158619       -3.04133918582892     
   2.72552187836196        4.97002158063169       -3.84891277999932     
  0.376199954635923       -1.97574306086979        2.51667772313057     
  -1.21184228928951       -11.1881436274677        7.58014743113499     
  -1.99377170900348       -3.92293082722308       -1.47406551759272     
  -2.54446266453970       -2.38183829623347        5.13066488846589     
   1.32141353854985        1.60658836392212       -4.25156072264461     
  -3.29686205700003       -9.57276862064508       -2.15634938778656     
  -6.87655926034331        5.17931964924170        5.83623777684005     
 -0.551001509395971        3.66915919965185       0.868164908434578     
  -6.31345583568696       -4.81662825351136        8.54649659154445     
  0.654354311519774       -1.58010147182783       -3.30161867091698     
   2.85926595689563       -1.87503069315834        10.6793954894463     
   4.64127116679011       -4.05348019808192        2.04372056787168     
   1.50452326852327        8.24586392679869        1.32250767019091     
  -5.45801416886679       6.042477886127504E-002  -1.73026759508234     
  -1.02581561286952       -2.91096434147718        3.57859679932407     
  -2.60732066670703       -6.31208062169087        3.35919103141670     
  -1.73688361498917      -0.951468445364972        5.43133333054364     
   1.44421740474190      -0.948555714302719       -4.36639618036679     
   6.43490118675176      -0.992134862313777       0.790709544498818     
  -1.95949923730149       -6.92986709184406       -3.61249348478066     
   1.27317067638825        6.80914487019615        1.22132092472402     
   5.21694376854643       -3.43198286608292      -0.851253353683953     
  -8.64101792619377       -5.42828178724963        2.01059180925501     
  -12.1327213546501        7.05153821407917        5.45977506183535     
   8.30814839910431        5.50094326575502       -8.31863883674117     
   2.70799061270948       0.983327818892535        1.91599018816050     
  0.851252355915758       -4.58590108149289      -0.833928434082451     
  -3.15425075441383        11.2154162897397       0.753917911330780     
  -1.28913201358583       -8.06891198657522        3.90926396096917     
   9.68236541862236        4.19620262619568       -1.71561834423831     
  -4.24222296162974       -4.20594507198514       -1.79218974357260     
  -1.65550363273995       -2.69098356214686        6.33867360515290     
   9.75014524384686        2.79956141977587       -11.4817635254547     
   6.60374180851041       -3.71482979474096       -10.1034490844296     
 -0.663536769068252       -3.40105907757450       -1.71597735817231     
   5.45706801452873        6.78970633460163       0.971869765930903     
   1.66325957438260       -2.02636799645501       -5.49884291143150     
  -4.45576494710294       -1.83491307970292       -10.0375683417777     
  -4.32031659002046        4.17104306573191        3.66824055553451     
  -2.27933475900368       -3.27994372844499       -6.84262675348952     
 -0.915485647671444       -4.03853828814110       -5.37111738210387     
  -1.50717268526880        3.36222194446319       0.364115936025692     
  -1.40179008717178       -6.77583429114202       -3.44363067104612     
  -1.16307179932730       -1.75175352091070        2.13400644062013     
  -2.37482754460049       -9.77529201815583        5.56420669482935     
  -5.94787557133981       -4.08410331975827       -6.90716053021868     
   4.63749029027574        2.28322245016750       -1.25456728866119     
 -0.578554268967274       0.719392697417541        4.83721230040675     
  -6.68900501862291       0.365206953516096        2.91477293664600     
 -0.412032217770343       -1.23091004798375       -3.23028989061467     
  -1.88169233110248       -5.10173361695630       -1.90332243239503     
 -0.371614484824219        3.30851757566296       -7.59758785635465     
  -6.91769516071384        3.97253235513231        2.23032255279855     
   1.22151161116397       -3.11940827433435       0.196909485847873     
   1.79432731815578        4.05358202039833       -3.20025867955310     
  -4.13429896122196       -1.37051335367658        1.86415851456410     
  -3.16174565003088       -1.21070264630916       -2.13631925816627     
   3.06237535934230        2.28889486140106        3.84234687948638     
   3.27106056990511       -3.88163556977122        8.56022213499664     
  -6.31126220372434       -7.00464512574300       -1.26058613654185     
   1.51983462916628       -4.44222896993798       -1.17962396317031     
  -3.06962804895854       -1.14004519442052       -2.18538053746519     
   3.07320731912345       -9.14445837482661        2.27909652338612     
  -1.53730368124532       -4.08797558643743       0.217149550454221     
  -1.22285472351285        1.73615514271603        2.52634789935125     
  -9.80801260717524        5.92141067485840       -2.84782478258028     
  -6.16393419050990        5.40497161734121       0.521991143071229     
   9.00658597534474       -1.60549456828572        5.71788129840210     
   5.52636848954324        5.20369496884194       -1.21641535835033     
  -9.36658068468093       -2.88351835912561        7.90354846162117     
  -5.76874846176407        2.37450206524218       -11.6071007075474     
  -1.11583801932058       0.483704819343948        3.94820574346467     
  -4.23482784572497       -2.35935241828555      -0.269238307468585     
  -5.27525449551448        3.95094756607827        3.58359746443166     
  -1.47729122635301       -10.2871766029372        2.35097694939469     
  -4.61048981606695        2.08793239374532        4.30777084181043     
 -1.439464251707942E-002  5.171332405932907E-002  -7.89845991081024     
  -2.58031590086574       -3.82967196610271       -3.60635389895477     
  -2.26143927356181        5.05525171470586       0.607496544881562     
  -2.49275403909103       -2.52447066441070        4.58519461009777     
 -1.463423761502736E-002 -0.395983007821686        5.26914057246472     
   3.40446088929739       -2.61627114385856       -7.91608092408498     
  -4.32832211257598       -2.12503627458319        1.28610283114526     
   6.96679277185495       0.700233881480912        3.24885272780495     
   1.81534607839891       -7.30758054594889       -7.73729075384783     
 -0.127848358253107        1.82898481524521      -0.349442535815709     
  -2.82686548912534        8.78732961407956        4.39665551574004     
   6.11558032296550        5.00493334014364       -9.16229129514267     
  -8.30575318404673       -4.01440730389047        1.94502347269223     
 -0.456590483581724        6.72813851494020       -2.84373051477757     
   5.29090490685121       -2.47013906172583       -6.21245751538250     
  1.672197294694442E-002   4.42421464896183      -0.274028387986512     
  -5.15731240849540       0.914092015640418       -5.07142453128974     
   5.64050418796064        8.20732018723534      -0.871364118383664     
   5.14124086337055       -2.31009079392081       -1.26105694068449     
   4.43426155457200       -1.30022838726097       -3.36603637366914     
  -2.19319814265380       -1.02965992437821        6.58376200894525     
  -6.00669837145839       -1.83173780756778       -4.30765835935375     
  -4.89871814333370       -1.89584992277990      -0.147166584646612     
  -3.92415547319885       0.791956312244311       -1.87901676960287     
  -3.99074314640667        3.36664376241232       -1.87185866907758     
  0.380836421889885       -1.51540744885173       -2.48648859585582     
  0.516654241099467       -1.05621045569995        5.99373388529062     
   2.07061299196441        2.88677331616397        5.71122787448999     
   3.80704010118980        5.55285267450468      -0.313172481566266     
   3.90957315965325      -9.003036599046672E-002  0.155390974625811     
   1.84067573225599        1.24907997776025        1.10893554563881     
  -2.08085858672853       0.103643325230058        1.25433407948642     
   8.34158242487621        2.85241413318272        7.66563651928034     
   2.59517585750937       -3.97605983979690        7.02880002365790     
   3.35828158859906      -0.454227479479079       -3.38304567248654     
  -7.52029633049740       -4.50195818059029        2.27528499752997     
  -7.38709894239909        1.22564957757716        2.42093265383821     
   1.75541971809520       -2.63738711977537        6.38572353612175     
   2.88365857807645        2.57098841891904       0.544521258445996     
   3.31228699490386        1.32281267765157       0.207835958564799     
   3.93926308598308        1.04835531669031        2.05382822174848     
   2.63882151264228       0.838937056822557       0.922190739584934     
  0.000000000000000E+000  0.000000000000000E+000  0.000000000000000E+000
  0.000000000000000E+000  0.000000000000000E+000  0.000000000000000E+000
   3.48901401317202      -0.469608882770339       -3.30492358986909     
   5.55046209138626       -9.73896641990705       0.571458397668309     
  0.000000000000000E+000  0.000000000000000E+000  0.000000000000000E+000
  0.000000000000000E+000  0.000000000000000E+000  0.000000000000000E+000
  -2.05589672017277        3.74509181873286        2.94325723336162     
  -2.80608507729896       -1.47103861004410        2.26474881467721     
  0.000000000000000E+000  0.000000000000000E+000  0.000000000000000E+000
  0.000000000000000E+000  0.000000000000000E+000  0.000000000000000E+000
   2.09795801095801       0.653012767491585      -0.430600264152611     
 -0.149515797966711       0.834405322957487       -3.10657201155267     
  0.000000000000000E+000  0.000000000000000E+000  0.000000000000000E+000
  0.000000000000000E+000  0.000000000000000E+000  0.000000000000000E+000
   5.30024970502476       -2.47257318838485        5.28345055320449     
 -0.476103257928550      -0.846427046509486        2.45139759682110     
  0.000000000000000E+000  0.000000000000000E+000  0.000000000000000E+000
  0.000000000000000E+000  0.000000000000000E+000  0.000000000000000E+000
  -4.05448520721181        2.34098120543821        8.45262931109854     
  -5.67868697001053       -3.63240481312651      -0.592020570402853     
  0.000000000000000E+000  0.000000000000000E+000  0.000000000000000E+000
  0.000000000000000E+000  0.000000000000000E+000  0.000000000000000E+000
   10.6792004622611        8.93684685371973       -8.16474652265045     
   4.96679995063440       -5.75827192985082        3.17846271701046     
  0.000000000000000E+000  0.000000000000000E+000  0.000000000000000E+000
  0.000000000000000E+000  0.000000000000000E+000  0.000000000000000E+000
  -9.04825355544050       0.781286358558998       -2.72271110983952     
  -1.40257239671510       -2.42036790951698        7.55537644669723     
  0.000000000000000E+000  0.000000000000000E+000  0.000000000000000E+000
  0.000000000000000E+000  0.000000000000000E+000  0.000000000000000E+000
 -0.148838657388889        8.27677489754805       -2.33117149386222     
  -8.40723967898664       -1.17284756744306       -5.49092758878461     
  0.000000000000000E+000  0.000000000000000E+000  0.000000000000000E+000
  0.000000000000000E+000  0.000000000000000E+000  0.000000000000000E+000
   8.29022746179143       -5.60863498298141        3.48412300621880     
 -1.646697110347498E-002   5.41273323550615        5.90919254021076     
  0.000000000000000E+000  0.000000000000000E+000  0.000000000000000E+000
  0.000000000000000E+000  0.000000000000000E+000  0.000000000000000E+000
  0.000000000000000E+000  0.000000000000000E+000  0.000000000000000E+000
  0.000000000000000E+000  0.000000000000000E+000  0.000000000000000E+000
  0.000000000000000E+000  0.000000000000000E+000  0.000000000000000E+000
  0.000000000000000E+000  0.000000000000000E+000  0.000000000000000E+000
  0.000000000000000E+000  0.000000000000000E+000  0.000000000000000E+000
  0.000000000000000E+000  0.000000000000000E+000  0.000000000000000E+000
  0.000000000000000E+000  0.000000000000000E+000  0.000000000000000E+000
  0.000000000000000E+000  0.000000000000000E+000  0.000000000000000E+000
  0.000000000000000E+000  0.000000000000000E+000  0.000000000000000E+000
  0.000000000000000E+000  0.000000000000000E+000  0.000000000000000E+000
  0.000000000000000E+000  0.000000000000000E+000  0.000000000000000E+000
  0.000000000000000E+000  0.000000000000000E+000  0.000000000000000E+000
  0.000000000000000E+000  0.000000000000000E+000  0.000000000000000E+000
  0.000000000000000E+000  0.000000000000000E+000  0.000000000000000E+000
  0.000000000000000E+000  0.000000000000000E+000  0.000000000000000E+000
  0.000000000000000E+000  0.000000000000000E+000  0.000000000000000E+000
  0.000000000000000E+000  0.000000000000000E+000  0.000000000000000E+000
  0.000000000000000E+000  0.000000000000000E+000  0.000000000000000E+000
  0.000000000000000E+000  0.000000000000000E+000  0.000000000000000E+000
  0.000000000000000E+000  0.000000000000000E+000  0.000000000000000E+000
  0.000000000000000E+000  0.000000000000000E+000  0.000000000000000E+000
  0.000000000000000E+000  0.000000000000000E+000  0.000000000000000E+000
  0.000000000000000E+000  0.000000000000000E+000  0.000000000000000E+000
  0.000000000000000E+000  0.000000000000000E+000  0.000000000000000E+000
  0.000000000000000E+000  0.000000000000000E+000  0.000000000000000E+000
  0.000000000000000E+000  0.000000000000000E+000  0.000000000000000E+000
  0.000000000000000E+000  0.000000000000000E+000  0.000000000000000E+000
  0.000000000000000E+000  0.000000000000000E+000  0.000000000000000E+000
  0.000000000000000E+000  0.000000000000000E+000  0.000000000000000E+000
  0.000000000000000E+000  0.000000000000000E+000  0.000000000000000E+000
  0.000000000000000E+000  0.000000000000000E+000  0.000000000000000E+000
  0.000000000000000E+000  0.000000000000000E+000  0.000000000000000E+000
  0.000000000000000E+000  0.000000000000000E+000  0.000000000000000E+000
  0.000000000000000E+000  0.000000000000000E+000  0.000000000000000E+000
  0.000000000000000E+000  0.000000000000000E+000  0.000000000000000E+000
  0.000000000000000E+000  0.000000000000000E+000  0.000000000000000E+000
  0.000000000000000E+000  0.000000000000000E+000  0.000000000000000E+000
  0.000000000000000E+000  0.000000000000000E+000  0.000000000000000E+000
  0.000000000000000E+000  0.000000000000000E+000  0.000000000000000E+000
