1372 0
38.269 38.269 38.269 
19.1345 19.1345 19.1345 
1 1 1 1 1 1 1 1 1 1 1 1 1 1 1 1 1 1 1 1 1 1 1 1 1 1 1 1 1 1 1 1 1 1 1 1 1 1 1 1 1 1 1 1 1 1 1 1 1 1 1 1 1 1 1 1 1 1 1 1 1 1 1 1 1 1 1 1 1 1 1 1 1 1 1 1 1 1 1 1 1 1 1 1 1 1 1 1 1 1 1 1 1 1 1 1 1 1 1 1 
1 1 1 1 1 1 1 1 1 1 1 1 1 1 1 1 1 1 1 1 1 1 1 1 1 1 1 1 1 1 1 1 1 1 1 1 1 1 1 1 1 1 1 1 1 1 1 1 1 1 1 1 1 1 1 1 1 1 1 1 1 1 1 1 1 1 1 1 1 1 1 1 1 1 1 1 1 1 1 1 1 1 1 1 1 1 1 1 1 1 1 1 1 1 1 1 1 1 1 1 
1 1 1 1 1 1 1 1 1 1 1 1 1 1 1 1 1 1 1 1 1 1 1 1 1 1 1 1 1 1 1 1 1 1 1 1 1 1 1 1 1 1 1 1 1 1 1 1 1 1 1 1 1 1 1 1 1 1 1 1 1 1 1 1 1 1 1 1 1 1 1 1 1 1 1 1 1 1 1 1 1 1 1 1 1 1 1 1 1 1 1 1 1 1 1 1 1 1 1 1 
1 1 1 1 1 1 1 1 1 1 1 1 1 1 1 1 1 1 1 1 1 1 1 1 1 1 1 1 1 1 1 1 1 1 1 1 1 1 1 1 1 1 1 1 1 1 1 1 1 1 1 1 1 1 1 1 1 1 1 1 1 1 1 1 1 1 1 1 1 1 1 1 1 1 1 1 1 1 1 1 1 1 1 1 1 1 1 1 1 1 1 1 1 1 1 1 1 1 1 1 
1 1 1 1 1 1 1 1 1 1 1 1 1 1 1 1 1 1 1 1 1 1 1 1 1 1 1 1 1 1 1 1 1 1 1 1 1 1 1 1 1 1 1 1 1 1 1 1 1 1 1 1 1 1 1 1 1 1 1 1 1 1 1 1 1 1 1 1 1 1 1 1 1 1 1 1 1 1 1 1 1 1 1 1 1 1 1 1 1 1 1 1 1 1 1 1 1 1 1 1 
1 1 1 1 1 1 1 1 1 1 1 1 1 1 1 1 1 1 1 1 1 1 1 1 1 1 1 1 1 1 1 1 1 1 1 1 1 1 1 1 1 1 1 1 1 1 1 1 1 1 1 1 1 1 1 1 1 1 1 1 1 1 1 1 1 1 1 1 1 1 1 1 1 1 1 1 1 1 1 1 1 1 1 1 1 1 1 1 1 1 1 1 1 1 1 1 1 1 1 1 
1 1 1 1 1 1 1 1 1 1 1 1 1 1 1 1 1 1 1 1 1 1 1 1 1 1 1 1 1 1 1 1 1 1 1 1 1 1 1 1 1 1 1 1 1 1 1 1 1 1 1 1 1 1 1 1 1 1 1 1 1 1 1 1 1 1 1 1 1 1 1 1 1 1 1 1 1 1 1 1 1 1 1 1 1 1 1 1 1 1 1 1 1 1 1 1 1 1 1 1 
1 1 1 1 1 1 1 1 1 1 1 1 1 1 1 1 1 1 1 1 1 1 1 1 1 1 1 1 1 1 1 1 1 1 1 1 1 1 1 1 1 1 1 1 1 1 1 1 1 1 1 1 1 1 1 1 1 1 1 1 1 1 1 1 1 1 1 1 1 1 1 1 1 1 1 1 1 1 1 1 1 1 1 1 1 1 1 1 1 1 1 1 1 1 1 1 1 1 1 1 
1 1 1 1 1 1 1 1 1 1 1 1 1 1 1 1 1 1 1 1 1 1 1 1 1 1 1 1 1 1 1 1 1 1 1 1 1 1 1 1 1 1 1 1 1 1 1 1 1 1 1 1 1 1 1 1 1 1 1 1 1 1 1 1 1 1 1 1 1 1 1 1 1 1 1 1 1 1 1 1 1 1 1 1 1 1 1 1 1 1 1 1 1 1 1 1 1 1 1 1 
1 1 1 1 1 1 1 1 1 1 1 1 1 1 1 1 1 1 1 1 1 1 1 1 1 1 1 1 1 1 1 1 1 1 1 1 1 1 1 1 1 1 1 1 1 1 1 1 1 1 1 1 1 1 1 1 1 1 1 1 1 1 1 1 1 1 1 1 1 1 1 1 1 1 1 1 1 1 1 1 1 1 1 1 1 1 1 1 1 1 1 1 1 1 1 1 1 1 1 1 
1 1 1 1 1 1 1 1 1 1 1 1 1 1 1 1 1 1 1 1 1 1 1 1 1 1 1 1 1 1 1 1 1 1 1 1 1 1 1 1 1 1 1 1 1 1 1 1 1 1 1 1 1 1 1 1 1 1 1 1 1 1 1 1 1 1 1 1 1 1 1 1 1 1 1 1 1 1 1 1 1 1 1 1 1 1 1 1 1 1 1 1 1 1 1 1 1 1 1 1 
1 1 1 1 1 1 1 1 1 1 1 1 1 1 1 1 1 1 1 1 1 1 1 1 1 1 1 1 1 1 1 1 1 1 1 1 1 1 1 1 1 1 1 1 1 1 1 1 1 1 1 1 1 1 1 1 1 1 1 1 1 1 1 1 1 1 1 1 1 1 1 1 1 1 1 1 1 1 1 1 1 1 1 1 1 1 1 1 1 1 1 1 1 1 1 1 1 1 1 1 
1 1 1 1 1 1 1 1 1 1 1 1 1 1 1 1 1 1 1 1 1 1 1 1 1 1 1 1 1 1 1 1 1 1 1 1 1 1 1 1 1 1 1 1 1 1 1 1 1 1 1 1 1 1 1 1 1 1 1 1 1 1 1 1 1 1 1 1 1 1 1 1 1 1 1 1 1 1 1 1 1 1 1 1 1 1 1 1 1 1 1 1 1 1 1 1 1 1 1 1 
1 1 1 1 1 1 1 1 1 1 1 1 1 1 1 1 1 1 1 1 1 1 1 1 1 1 1 1 1 1 1 1 1 1 1 1 1 1 1 1 1 1 1 1 1 1 1 1 1 1 1 1 1 1 1 1 1 1 1 1 1 1 1 1 1 1 1 1 1 1 1 1 
0 1.36675 1.36675 1.36675 0 1.36675 4.10025 4.10025 0 4.10025 1.36675 4.10025 0 4.10025 4.10025 1.36675 0 6.83375 1.36675 1.36675 0 6.83375 4.10025 4.10025 0 9.56725 1.36675 4.10025 0 9.56725 4.10025 1.36675 0 12.3007 1.36675 1.36675 0 12.3007 4.10025 4.10025 0 15.0342 1.36675 4.10025 0 15.0342 4.10025 1.36675 0 17.7677 1.36675 1.36675 0 17.7677 4.10025 4.10025 0 20.5012 1.36675 4.10025 0 20.5012 4.10025 1.36675 0 23.2347 1.36675 1.36675 0 23.2347 4.10025 4.10025 0 25.9682 1.36675 4.10025 0 25.9682 4.10025 1.36675 0 28.7017 1.36675 1.36675 0 28.7017 4.10025 4.10025 0 31.4352 1.36675 4.10025 0 31.4352 4.10025 1.36675 0 34.1687 1.36675 1.36675 0 34.1687 4.10025 4.10025 0 36.9022 1.36675 4.10025 0 36.9022 4.10025 1.36675 0 1.36675 6.83375 1.36675 0 1.36675 9.56725 4.10025 0 4.10025 6.83375 4.10025 0 4.10025 9.56725 1.36675 0 6.83375 6.83375 1.36675 0 6.83375 9.56725 4.10025 0 9.56725 6.83375 4.10025 0 9.56725 9.56725 1.36675 0 12.3007 6.83375 1.36675 0 12.3007 9.56725 4.10025 0 15.0342 6.83375 4.10025 0 15.0342 9.56725 1.36675 0 17.7677 6.83375 1.36675 0 17.7677 9.56725 4.10025 0 20.5012 6.83375 4.10025 0 20.5012 9.56725 1.36675 0 23.2347 6.83375 1.36675 0 23.2347 9.56725 4.10025 0 25.9682 6.83375 4.10025 0 25.9682 9.56725 1.36675 0 28.7017 6.83375 1.36675 0 28.7017 9.56725 4.10025 0 31.4352 6.83375 4.10025 0 31.4352 9.56725 1.36675 0 34.1687 6.83375 1.36675 0 34.1687 9.56725 4.10025 0 36.9022 6.83375 4.10025 0 36.9022 9.56725 1.36675 0 1.36675 12.3007 1.36675 0 1.36675 15.0342 4.10025 0 4.10025 12.3007 4.10025 0 4.10025 15.0342 1.36675 0 6.83375 12.3007 1.36675 0 6.83375 15.0342 4.10025 0 9.56725 12.3007 4.10025 0 9.56725 15.0342 1.36675 0 12.3007 12.3007 1.36675 0 12.3007 15.0342 4.10025 0 15.0342 12.3007 4.10025 0 15.0342 15.0342 1.36675 0 17.7677 12.3007 1.36675 0 17.7677 15.0342 4.10025 0 20.5012 12.3007 4.10025 0 20.5012 15.0342 1.36675 0 23.2347 12.3007 1.36675 0 23.2347 15.0342 4.10025 0 25.9682 12.3007 4.10025 0 25.9682 15.0342 1.36675 0 28.7017 12.3007 1.36675 0 28.7017 15.0342 4.10025 0 31.4352 12.3007 4.10025 0 31.4352 15.0342 1.36675 0 34.1687 12.3007 1.36675 0 34.1687 15.0342 4.10025 0 36.9022 12.3007 4.10025 0 36.9022 15.0342 1.36675 0 1.36675 17.7677 1.36675 0 1.36675 20.5012 4.10025 0 4.10025 17.7677 4.10025 0 4.10025 20.5012 1.36675 0 6.83375 17.7677 1.36675 0 6.83375 20.5012 4.10025 0 9.56725 17.7677 4.10025 0 9.56725 20.5012 1.36675 0 12.3007 17.7677 1.36675 0 12.3007 20.5012 4.10025 0 15.0342 17.7677 4.10025 0 15.0342 20.5012 1.36675 0 17.7677 17.7677 1.36675 0 17.7677 20.5012 4.10025 0 20.5012 17.7677 4.10025 0 20.5012 20.5012 1.36675 
0 23.2347 17.7677 1.36675 0 23.2347 20.5012 4.10025 0 25.9682 17.7677 4.10025 0 25.9682 20.5012 1.36675 0 28.7017 17.7677 1.36675 0 28.7017 20.5012 4.10025 0 31.4352 17.7677 4.10025 0 31.4352 20.5012 1.36675 0 34.1687 17.7677 1.36675 0 34.1687 20.5012 4.10025 0 36.9022 17.7677 4.10025 0 36.9022 20.5012 1.36675 0 1.36675 23.2347 1.36675 0 1.36675 25.9682 4.10025 0 4.10025 23.2347 4.10025 0 4.10025 25.9682 1.36675 0 6.83375 23.2347 1.36675 0 6.83375 25.9682 4.10025 0 9.56725 23.2347 4.10025 0 9.56725 25.9682 1.36675 0 12.3007 23.2347 1.36675 0 12.3007 25.9682 4.10025 0 15.0342 23.2347 4.10025 0 15.0342 25.9682 1.36675 0 17.7677 23.2347 1.36675 0 17.7677 25.9682 4.10025 0 20.5012 23.2347 4.10025 0 20.5012 25.9682 1.36675 0 23.2347 23.2347 1.36675 0 23.2347 25.9682 4.10025 0 25.9682 23.2347 4.10025 0 25.9682 25.9682 1.36675 0 28.7017 23.2347 1.36675 0 28.7017 25.9682 4.10025 0 31.4352 23.2347 4.10025 0 31.4352 25.9682 1.36675 0 34.1687 23.2347 1.36675 0 34.1687 25.9682 4.10025 0 36.9022 23.2347 4.10025 0 36.9022 25.9682 1.36675 0 1.36675 28.7017 1.36675 0 1.36675 31.4352 4.10025 0 4.10025 28.7017 4.10025 0 4.10025 31.4352 1.36675 0 6.83375 28.7017 1.36675 0 6.83375 31.4352 4.10025 0 9.56725 28.7017 4.10025 0 9.56725 31.4352 1.36675 0 12.3007 28.7017 1.36675 0 12.3007 31.4352 4.10025 0 15.0342 28.7017 4.10025 0 15.0342 31.4352 1.36675 0 17.7677 28.7017 1.36675 0 17.7677 31.4352 4.10025 0 20.5012 28.7017 4.10025 0 20.5012 31.4352 1.36675 0 23.2347 28.7017 1.36675 0 23.2347 31.4352 4.10025 0 25.9682 28.7017 4.10025 0 25.9682 31.4352 1.36675 0 28.7017 28.7017 1.36675 0 28.7017 31.4352 4.10025 0 31.4352 28.7017 4.10025 0 31.4352 31.4352 1.36675 0 34.1687 28.7017 1.36675 0 34.1687 31.4352 4.10025 0 36.9022 28.7017 4.10025 0 36.9022 31.4352 1.36675 0 1.36675 34.1687 1.36675 0 1.36675 36.9022 4.10025 0 4.10025 34.1687 4.10025 0 4.10025 36.9022 1.36675 0 6.83375 34.1687 1.36675 0 6.83375 36.9022 4.10025 0 9.56725 34.1687 4.10025 0 9.56725 36.9022 1.36675 0 12.3007 34.1687 1.36675 0 12.3007 36.9022 4.10025 0 15.0342 34.1687 4.10025 0 15.0342 36.9022 1.36675 0 17.7677 34.1687 1.36675 0 17.7677 36.9022 4.10025 0 20.5012 34.1687 4.10025 0 20.5012 36.9022 1.36675 0 23.2347 34.1687 1.36675 0 23.2347 36.9022 4.10025 0 25.9682 34.1687 4.10025 0 25.9682 36.9022 1.36675 0 28.7017 34.1687 1.36675 0 28.7017 36.9022 4.10025 0 31.4352 34.1687 4.10025 0 31.4352 36.9022 1.36675 0 34.1687 34.1687 1.36675 0 34.1687 36.9022 4.10025 0 36.9022 34.1687 4.10025 0 36.9022 36.9022 1.36675 0 1.36675 1.36675 6.83375 0 1.36675 4.10025 9.56725 0 4.10025 1.36675 9.56725 0 4.10025 4.10025 6.83375 
0 6.83375 1.36675 6.83375 0 6.83375 4.10025 9.56725 0 9.56725 1.36675 9.56725 0 9.56725 4.10025 6.83375 0 12.3007 1.36675 6.83375 0 12.3007 4.10025 9.56725 0 15.0342 1.36675 9.56725 0 15.0342 4.10025 6.83375 0 17.7677 1.36675 6.83375 0 17.7677 4.10025 9.56725 0 20.5012 1.36675 9.56725 0 20.5012 4.10025 6.83375 0 23.2347 1.36675 6.83375 0 23.2347 4.10025 9.56725 0 25.9682 1.36675 9.56725 0 25.9682 4.10025 6.83375 0 28.7017 1.36675 6.83375 0 28.7017 4.10025 9.56725 0 31.4352 1.36675 9.56725 0 31.4352 4.10025 6.83375 0 34.1687 1.36675 6.83375 0 34.1687 4.10025 9.56725 0 36.9022 1.36675 9.56725 0 36.9022 4.10025 6.83375 0 1.36675 6.83375 6.83375 0 1.36675 9.56725 9.56725 0 4.10025 6.83375 9.56725 0 4.10025 9.56725 6.83375 0 6.83375 6.83375 6.83375 0 6.83375 9.56725 9.56725 0 9.56725 6.83375 9.56725 0 9.56725 9.56725 6.83375 0 12.3007 6.83375 6.83375 0 12.3007 9.56725 9.56725 0 15.0342 6.83375 9.56725 0 15.0342 9.56725 6.83375 0 17.7677 6.83375 6.83375 0 17.7677 9.56725 9.56725 0 20.5012 6.83375 9.56725 0 20.5012 9.56725 6.83375 0 23.2347 6.83375 6.83375 0 23.2347 9.56725 9.56725 0 25.9682 6.83375 9.56725 0 25.9682 9.56725 6.83375 0 28.7017 6.83375 6.83375 0 28.7017 9.56725 9.56725 0 31.4352 6.83375 9.56725 0 31.4352 9.56725 6.83375 0 34.1687 6.83375 6.83375 0 34.1687 9.56725 9.56725 0 36.9022 6.83375 9.56725 0 36.9022 9.56725 6.83375 0 1.36675 12.3007 6.83375 0 1.36675 15.0342 9.56725 0 4.10025 12.3007 9.56725 0 4.10025 15.0342 6.83375 0 6.83375 12.3007 6.83375 0 6.83375 15.0342 9.56725 0 9.56725 12.3007 9.56725 0 9.56725 15.0342 6.83375 0 12.3007 12.3007 6.83375 0 12.3007 15.0342 9.56725 0 15.0342 12.3007 9.56725 0 15.0342 15.0342 6.83375 0 17.7677 12.3007 6.83375 0 17.7677 15.0342 9.56725 0 20.5012 12.3007 9.56725 0 20.5012 15.0342 6.83375 0 23.2347 12.3007 6.83375 0 23.2347 15.0342 9.56725 0 25.9682 12.3007 9.56725 0 25.9682 15.0342 6.83375 0 28.7017 12.3007 6.83375 0 28.7017 15.0342 9.56725 0 31.4352 12.3007 9.56725 0 31.4352 15.0342 6.83375 0 34.1687 12.3007 6.83375 0 34.1687 15.0342 9.56725 0 36.9022 12.3007 9.56725 0 36.9022 15.0342 6.83375 0 1.36675 17.7677 6.83375 0 1.36675 20.5012 9.56725 0 4.10025 17.7677 9.56725 0 4.10025 20.5012 6.83375 0 6.83375 17.7677 6.83375 0 6.83375 20.5012 9.56725 0 9.56725 17.7677 9.56725 0 9.56725 20.5012 6.83375 0 12.3007 17.7677 6.83375 0 12.3007 20.5012 9.56725 0 15.0342 17.7677 9.56725 0 15.0342 20.5012 6.83375 0 17.7677 17.7677 6.83375 0 17.7677 20.5012 9.56725 0 20.5012 17.7677 9.56725 0 20.5012 20.5012 6.83375 0 23.2347 17.7677 6.83375 0 23.2347 20.5012 9.56725 0 25.9682 17.7677 9.56725 0 25.9682 20.5012 6.83375 
0 28.7017 17.7677 6.83375 0 28.7017 20.5012 9.56725 0 31.4352 17.7677 9.56725 0 31.4352 20.5012 6.83375 0 34.1687 17.7677 6.83375 0 34.1687 20.5012 9.56725 0 36.9022 17.7677 9.56725 0 36.9022 20.5012 6.83375 0 1.36675 23.2347 6.83375 0 1.36675 25.9682 9.56725 0 4.10025 23.2347 9.56725 0 4.10025 25.9682 6.83375 0 6.83375 23.2347 6.83375 0 6.83375 25.9682 9.56725 0 9.56725 23.2347 9.56725 0 9.56725 25.9682 6.83375 0 12.3007 23.2347 6.83375 0 12.3007 25.9682 9.56725 0 15.0342 23.2347 9.56725 0 15.0342 25.9682 6.83375 0 17.7677 23.2347 6.83375 0 17.7677 25.9682 9.56725 0 20.5012 23.2347 9.56725 0 20.5012 25.9682 6.83375 0 23.2347 23.2347 6.83375 0 23.2347 25.9682 9.56725 0 25.9682 23.2347 9.56725 0 25.9682 25.9682 6.83375 0 28.7017 23.2347 6.83375 0 28.7017 25.9682 9.56725 0 31.4352 23.2347 9.56725 0 31.4352 25.9682 6.83375 0 34.1687 23.2347 6.83375 0 34.1687 25.9682 9.56725 0 36.9022 23.2347 9.56725 0 36.9022 25.9682 6.83375 0 1.36675 28.7017 6.83375 0 1.36675 31.4352 9.56725 0 4.10025 28.7017 9.56725 0 4.10025 31.4352 6.83375 0 6.83375 28.7017 6.83375 0 6.83375 31.4352 9.56725 0 9.56725 28.7017 9.56725 0 9.56725 31.4352 6.83375 0 12.3007 28.7017 6.83375 0 12.3007 31.4352 9.56725 0 15.0342 28.7017 9.56725 0 15.0342 31.4352 6.83375 0 17.7677 28.7017 6.83375 0 17.7677 31.4352 9.56725 0 20.5012 28.7017 9.56725 0 20.5012 31.4352 6.83375 0 23.2347 28.7017 6.83375 0 23.2347 31.4352 9.56725 0 25.9682 28.7017 9.56725 0 25.9682 31.4352 6.83375 0 28.7017 28.7017 6.83375 0 28.7017 31.4352 9.56725 0 31.4352 28.7017 9.56725 0 31.4352 31.4352 6.83375 0 34.1687 28.7017 6.83375 0 34.1687 31.4352 9.56725 0 36.9022 28.7017 9.56725 0 36.9022 31.4352 6.83375 0 1.36675 34.1687 6.83375 0 1.36675 36.9022 9.56725 0 4.10025 34.1687 9.56725 0 4.10025 36.9022 6.83375 0 6.83375 34.1687 6.83375 0 6.83375 36.9022 9.56725 0 9.56725 34.1687 9.56725 0 9.56725 36.9022 6.83375 0 12.3007 34.1687 6.83375 0 12.3007 36.9022 9.56725 0 15.0342 34.1687 9.56725 0 15.0342 36.9022 6.83375 0 17.7677 34.1687 6.83375 0 17.7677 36.9022 9.56725 0 20.5012 34.1687 9.56725 0 20.5012 36.9022 6.83375 0 23.2347 34.1687 6.83375 0 23.2347 36.9022 9.56725 0 25.9682 34.1687 9.56725 0 25.9682 36.9022 6.83375 0 28.7017 34.1687 6.83375 0 28.7017 36.9022 9.56725 0 31.4352 34.1687 9.56725 0 31.4352 36.9022 6.83375 0 34.1687 34.1687 6.83375 0 34.1687 36.9022 9.56725 0 36.9022 34.1687 9.56725 0 36.9022 36.9022 6.83375 0 1.36675 1.36675 12.3007 0 1.36675 4.10025 15.0342 0 4.10025 1.36675 15.0342 0 4.10025 4.10025 12.3007 0 6.83375 1.36675 12.3007 0 6.83375 4.10025 15.0342 0 9.56725 1.36675 15.0342 0 9.56725 4.10025 12.3007 
0 12.3007 1.36675 12.3007 0 12.3007 4.10025 15.0342 0 15.0342 1.36675 15.0342 0 15.0342 4.10025 12.3007 0 17.7677 1.36675 12.3007 0 17.7677 4.10025 15.0342 0 20.5012 1.36675 15.0342 0 20.5012 4.10025 12.3007 0 23.2347 1.36675 12.3007 0 23.2347 4.10025 15.0342 0 25.9682 1.36675 15.0342 0 25.9682 4.10025 12.3007 0 28.7017 1.36675 12.3007 0 28.7017 4.10025 15.0342 0 31.4352 1.36675 15.0342 0 31.4352 4.10025 12.3007 0 34.1687 1.36675 12.3007 0 34.1687 4.10025 15.0342 0 36.9022 1.36675 15.0342 0 36.9022 4.10025 12.3007 0 1.36675 6.83375 12.3007 0 1.36675 9.56725 15.0342 0 4.10025 6.83375 15.0342 0 4.10025 9.56725 12.3007 0 6.83375 6.83375 12.3007 0 6.83375 9.56725 15.0342 0 9.56725 6.83375 15.0342 0 9.56725 9.56725 12.3007 0 12.3007 6.83375 12.3007 0 12.3007 9.56725 15.0342 0 15.0342 6.83375 15.0342 0 15.0342 9.56725 12.3007 0 17.7677 6.83375 12.3007 0 17.7677 9.56725 15.0342 0 20.5012 6.83375 15.0342 0 20.5012 9.56725 12.3007 0 23.2347 6.83375 12.3007 0 23.2347 9.56725 15.0342 0 25.9682 6.83375 15.0342 0 25.9682 9.56725 12.3007 0 28.7017 6.83375 12.3007 0 28.7017 9.56725 15.0342 0 31.4352 6.83375 15.0342 0 31.4352 9.56725 12.3007 0 34.1687 6.83375 12.3007 0 34.1687 9.56725 15.0342 0 36.9022 6.83375 15.0342 0 36.9022 9.56725 12.3007 0 1.36675 12.3007 12.3007 0 1.36675 15.0342 15.0342 0 4.10025 12.3007 15.0342 0 4.10025 15.0342 12.3007 0 6.83375 12.3007 12.3007 0 6.83375 15.0342 15.0342 0 9.56725 12.3007 15.0342 0 9.56725 15.0342 12.3007 0 12.3007 12.3007 12.3007 0 12.3007 15.0342 15.0342 0 15.0342 12.3007 15.0342 0 15.0342 15.0342 12.3007 0 17.7677 12.3007 12.3007 0 17.7677 15.0342 15.0342 0 20.5012 12.3007 15.0342 0 20.5012 15.0342 12.3007 0 23.2347 12.3007 12.3007 0 23.2347 15.0342 15.0342 0 25.9682 12.3007 15.0342 0 25.9682 15.0342 12.3007 0 28.7017 12.3007 12.3007 0 28.7017 15.0342 15.0342 0 31.4352 12.3007 15.0342 0 31.4352 15.0342 12.3007 0 34.1687 12.3007 12.3007 0 34.1687 15.0342 15.0342 0 36.9022 12.3007 15.0342 0 36.9022 15.0342 12.3007 0 1.36675 17.7677 12.3007 0 1.36675 20.5012 15.0342 0 4.10025 17.7677 15.0342 0 4.10025 20.5012 12.3007 0 6.83375 17.7677 12.3007 0 6.83375 20.5012 15.0342 0 9.56725 17.7677 15.0342 0 9.56725 20.5012 12.3007 0 12.3007 17.7677 12.3007 0 12.3007 20.5012 15.0342 0 15.0342 17.7677 15.0342 0 15.0342 20.5012 12.3007 0 17.7677 17.7677 12.3007 0 17.7677 20.5012 15.0342 0 20.5012 17.7677 15.0342 0 20.5012 20.5012 12.3007 0 23.2347 17.7677 12.3007 0 23.2347 20.5012 15.0342 0 25.9682 17.7677 15.0342 0 25.9682 20.5012 12.3007 0 28.7017 17.7677 12.3007 0 28.7017 20.5012 15.0342 0 31.4352 17.7677 15.0342 0 31.4352 20.5012 12.3007 
0 34.1687 17.7677 12.3007 0 34.1687 20.5012 15.0342 0 36.9022 17.7677 15.0342 0 36.9022 20.5012 12.3007 0 1.36675 23.2347 12.3007 0 1.36675 25.9682 15.0342 0 4.10025 23.2347 15.0342 0 4.10025 25.9682 12.3007 0 6.83375 23.2347 12.3007 0 6.83375 25.9682 15.0342 0 9.56725 23.2347 15.0342 0 9.56725 25.9682 12.3007 0 12.3007 23.2347 12.3007 0 12.3007 25.9682 15.0342 0 15.0342 23.2347 15.0342 0 15.0342 25.9682 12.3007 0 17.7677 23.2347 12.3007 0 17.7677 25.9682 15.0342 0 20.5012 23.2347 15.0342 0 20.5012 25.9682 12.3007 0 23.2347 23.2347 12.3007 0 23.2347 25.9682 15.0342 0 25.9682 23.2347 15.0342 0 25.9682 25.9682 12.3007 0 28.7017 23.2347 12.3007 0 28.7017 25.9682 15.0342 0 31.4352 23.2347 15.0342 0 31.4352 25.9682 12.3007 0 34.1687 23.2347 12.3007 0 34.1687 25.9682 15.0342 0 36.9022 23.2347 15.0342 0 36.9022 25.9682 12.3007 0 1.36675 28.7017 12.3007 0 1.36675 31.4352 15.0342 0 4.10025 28.7017 15.0342 0 4.10025 31.4352 12.3007 0 6.83375 28.7017 12.3007 0 6.83375 31.4352 15.0342 0 9.56725 28.7017 15.0342 0 9.56725 31.4352 12.3007 0 12.3007 28.7017 12.3007 0 12.3007 31.4352 15.0342 0 15.0342 28.7017 15.0342 0 15.0342 31.4352 12.3007 0 17.7677 28.7017 12.3007 0 17.7677 31.4352 15.0342 0 20.5012 28.7017 15.0342 0 20.5012 31.4352 12.3007 0 23.2347 28.7017 12.3007 0 23.2347 31.4352 15.0342 0 25.9682 28.7017 15.0342 0 25.9682 31.4352 12.3007 0 28.7017 28.7017 12.3007 0 28.7017 31.4352 15.0342 0 31.4352 28.7017 15.0342 0 31.4352 31.4352 12.3007 0 34.1687 28.7017 12.3007 0 34.1687 31.4352 15.0342 0 36.9022 28.7017 15.0342 0 36.9022 31.4352 12.3007 0 1.36675 34.1687 12.3007 0 1.36675 36.9022 15.0342 0 4.10025 34.1687 15.0342 0 4.10025 36.9022 12.3007 0 6.83375 34.1687 12.3007 0 6.83375 36.9022 15.0342 0 9.56725 34.1687 15.0342 0 9.56725 36.9022 12.3007 0 12.3007 34.1687 12.3007 0 12.3007 36.9022 15.0342 0 15.0342 34.1687 15.0342 0 15.0342 36.9022 12.3007 0 17.7677 34.1687 12.3007 0 17.7677 36.9022 15.0342 0 20.5012 34.1687 15.0342 0 20.5012 36.9022 12.3007 0 23.2347 34.1687 12.3007 0 23.2347 36.9022 15.0342 0 25.9682 34.1687 15.0342 0 25.9682 36.9022 12.3007 0 28.7017 34.1687 12.3007 0 28.7017 36.9022 15.0342 0 31.4352 34.1687 15.0342 0 31.4352 36.9022 12.3007 0 34.1687 34.1687 12.3007 0 34.1687 36.9022 15.0342 0 36.9022 34.1687 15.0342 0 36.9022 36.9022 12.3007 0 1.36675 1.36675 17.7677 0 1.36675 4.10025 20.5012 0 4.10025 1.36675 20.5012 0 4.10025 4.10025 17.7677 0 6.83375 1.36675 17.7677 0 6.83375 4.10025 20.5012 0 9.56725 1.36675 20.5012 0 9.56725 4.10025 17.7677 0 12.3007 1.36675 17.7677 0 12.3007 4.10025 20.5012 0 15.0342 1.36675 20.5012 0 15.0342 4.10025 17.7677 
0 17.7677 1.36675 17.7677 0 17.7677 4.10025 20.5012 0 20.5012 1.36675 20.5012 0 20.5012 4.10025 17.7677 0 23.2347 1.36675 17.7677 0 23.2347 4.10025 20.5012 0 25.9682 1.36675 20.5012 0 25.9682 4.10025 17.7677 0 28.7017 1.36675 17.7677 0 28.7017 4.10025 20.5012 0 31.4352 1.36675 20.5012 0 31.4352 4.10025 17.7677 0 34.1687 1.36675 17.7677 0 34.1687 4.10025 20.5012 0 36.9022 1.36675 20.5012 0 36.9022 4.10025 17.7677 0 1.36675 6.83375 17.7677 0 1.36675 9.56725 20.5012 0 4.10025 6.83375 20.5012 0 4.10025 9.56725 17.7677 0 6.83375 6.83375 17.7677 0 6.83375 9.56725 20.5012 0 9.56725 6.83375 20.5012 0 9.56725 9.56725 17.7677 0 12.3007 6.83375 17.7677 0 12.3007 9.56725 20.5012 0 15.0342 6.83375 20.5012 0 15.0342 9.56725 17.7677 0 17.7677 6.83375 17.7677 0 17.7677 9.56725 20.5012 0 20.5012 6.83375 20.5012 0 20.5012 9.56725 17.7677 0 23.2347 6.83375 17.7677 0 23.2347 9.56725 20.5012 0 25.9682 6.83375 20.5012 0 25.9682 9.56725 17.7677 0 28.7017 6.83375 17.7677 0 28.7017 9.56725 20.5012 0 31.4352 6.83375 20.5012 0 31.4352 9.56725 17.7677 0 34.1687 6.83375 17.7677 0 34.1687 9.56725 20.5012 0 36.9022 6.83375 20.5012 0 36.9022 9.56725 17.7677 0 1.36675 12.3007 17.7677 0 1.36675 15.0342 20.5012 0 4.10025 12.3007 20.5012 0 4.10025 15.0342 17.7677 0 6.83375 12.3007 17.7677 0 6.83375 15.0342 20.5012 0 9.56725 12.3007 20.5012 0 9.56725 15.0342 17.7677 0 12.3007 12.3007 17.7677 0 12.3007 15.0342 20.5012 0 15.0342 12.3007 20.5012 0 15.0342 15.0342 17.7677 0 17.7677 12.3007 17.7677 0 17.7677 15.0342 20.5012 0 20.5012 12.3007 20.5012 0 20.5012 15.0342 17.7677 0 23.2347 12.3007 17.7677 0 23.2347 15.0342 20.5012 0 25.9682 12.3007 20.5012 0 25.9682 15.0342 17.7677 0 28.7017 12.3007 17.7677 0 28.7017 15.0342 20.5012 0 31.4352 12.3007 20.5012 0 31.4352 15.0342 17.7677 0 34.1687 12.3007 17.7677 0 34.1687 15.0342 20.5012 0 36.9022 12.3007 20.5012 0 36.9022 15.0342 17.7677 0 1.36675 17.7677 17.7677 0 1.36675 20.5012 20.5012 0 4.10025 17.7677 20.5012 0 4.10025 20.5012 17.7677 0 6.83375 17.7677 17.7677 0 6.83375 20.5012 20.5012 0 9.56725 17.7677 20.5012 0 9.56725 20.5012 17.7677 0 12.3007 17.7677 17.7677 0 12.3007 20.5012 20.5012 0 15.0342 17.7677 20.5012 0 15.0342 20.5012 17.7677 0 17.7677 17.7677 17.7677 0 17.7677 20.5012 20.5012 0 20.5012 17.7677 20.5012 0 20.5012 20.5012 17.7677 0 23.2347 17.7677 17.7677 0 23.2347 20.5012 20.5012 0 25.9682 17.7677 20.5012 0 25.9682 20.5012 17.7677 0 28.7017 17.7677 17.7677 0 28.7017 20.5012 20.5012 0 31.4352 17.7677 20.5012 0 31.4352 20.5012 17.7677 0 34.1687 17.7677 17.7677 0 34.1687 20.5012 20.5012 0 36.9022 17.7677 20.5012 0 36.9022 20.5012 17.7677 
0 1.36675 23.2347 17.7677 0 1.36675 25.9682 20.5012 0 4.10025 23.2347 20.5012 0 4.10025 25.9682 17.7677 0 6.83375 23.2347 17.7677 0 6.83375 25.9682 20.5012 0 9.56725 23.2347 20.5012 0 9.56725 25.9682 17.7677 0 12.3007 23.2347 17.7677 0 12.3007 25.9682 20.5012 0 15.0342 23.2347 20.5012 0 15.0342 25.9682 17.7677 0 17.7677 23.2347 17.7677 0 17.7677 25.9682 20.5012 0 20.5012 23.2347 20.5012 0 20.5012 25.9682 17.7677 0 23.2347 23.2347 17.7677 0 23.2347 25.9682 20.5012 0 25.9682 23.2347 20.5012 0 25.9682 25.9682 17.7677 0 28.7017 23.2347 17.7677 0 28.7017 25.9682 20.5012 0 31.4352 23.2347 20.5012 0 31.4352 25.9682 17.7677 0 34.1687 23.2347 17.7677 0 34.1687 25.9682 20.5012 0 36.9022 23.2347 20.5012 0 36.9022 25.9682 17.7677 0 1.36675 28.7017 17.7677 0 1.36675 31.4352 20.5012 0 4.10025 28.7017 20.5012 0 4.10025 31.4352 17.7677 0 6.83375 28.7017 17.7677 0 6.83375 31.4352 20.5012 0 9.56725 28.7017 20.5012 0 9.56725 31.4352 17.7677 0 12.3007 28.7017 17.7677 0 12.3007 31.4352 20.5012 0 15.0342 28.7017 20.5012 0 15.0342 31.4352 17.7677 0 17.7677 28.7017 17.7677 0 17.7677 31.4352 20.5012 0 20.5012 28.7017 20.5012 0 20.5012 31.4352 17.7677 0 23.2347 28.7017 17.7677 0 23.2347 31.4352 20.5012 0 25.9682 28.7017 20.5012 0 25.9682 31.4352 17.7677 0 28.7017 28.7017 17.7677 0 28.7017 31.4352 20.5012 0 31.4352 28.7017 20.5012 0 31.4352 31.4352 17.7677 0 34.1687 28.7017 17.7677 0 34.1687 31.4352 20.5012 0 36.9022 28.7017 20.5012 0 36.9022 31.4352 17.7677 0 1.36675 34.1687 17.7677 0 1.36675 36.9022 20.5012 0 4.10025 34.1687 20.5012 0 4.10025 36.9022 17.7677 0 6.83375 34.1687 17.7677 0 6.83375 36.9022 20.5012 0 9.56725 34.1687 20.5012 0 9.56725 36.9022 17.7677 0 12.3007 34.1687 17.7677 0 12.3007 36.9022 20.5012 0 15.0342 34.1687 20.5012 0 15.0342 36.9022 17.7677 0 17.7677 34.1687 17.7677 0 17.7677 36.9022 20.5012 0 20.5012 34.1687 20.5012 0 20.5012 36.9022 17.7677 0 23.2347 34.1687 17.7677 0 23.2347 36.9022 20.5012 0 25.9682 34.1687 20.5012 0 25.9682 36.9022 17.7677 0 28.7017 34.1687 17.7677 0 28.7017 36.9022 20.5012 0 31.4352 34.1687 20.5012 0 31.4352 36.9022 17.7677 0 34.1687 34.1687 17.7677 0 34.1687 36.9022 20.5012 0 36.9022 34.1687 20.5012 0 36.9022 36.9022 17.7677 0 1.36675 1.36675 23.2347 0 1.36675 4.10025 25.9682 0 4.10025 1.36675 25.9682 0 4.10025 4.10025 23.2347 0 6.83375 1.36675 23.2347 0 6.83375 4.10025 25.9682 0 9.56725 1.36675 25.9682 0 9.56725 4.10025 23.2347 0 12.3007 1.36675 23.2347 0 12.3007 4.10025 25.9682 0 15.0342 1.36675 25.9682 0 15.0342 4.10025 23.2347 0 17.7677 1.36675 23.2347 0 17.7677 4.10025 25.9682 0 20.5012 1.36675 25.9682 0 20.5012 4.10025 23.2347 
0 23.2347 1.36675 23.2347 0 23.2347 4.10025 25.9682 0 25.9682 1.36675 25.9682 0 25.9682 4.10025 23.2347 0 28.7017 1.36675 23.2347 0 28.7017 4.10025 25.9682 0 31.4352 1.36675 25.9682 0 31.4352 4.10025 23.2347 0 34.1687 1.36675 23.2347 0 34.1687 4.10025 25.9682 0 36.9022 1.36675 25.9682 0 36.9022 4.10025 23.2347 0 1.36675 6.83375 23.2347 0 1.36675 9.56725 25.9682 0 4.10025 6.83375 25.9682 0 4.10025 9.56725 23.2347 0 6.83375 6.83375 23.2347 0 6.83375 9.56725 25.9682 0 9.56725 6.83375 25.9682 0 9.56725 9.56725 23.2347 0 12.3007 6.83375 23.2347 0 12.3007 9.56725 25.9682 0 15.0342 6.83375 25.9682 0 15.0342 9.56725 23.2347 0 17.7677 6.83375 23.2347 0 17.7677 9.56725 25.9682 0 20.5012 6.83375 25.9682 0 20.5012 9.56725 23.2347 0 23.2347 6.83375 23.2347 0 23.2347 9.56725 25.9682 0 25.9682 6.83375 25.9682 0 25.9682 9.56725 23.2347 0 28.7017 6.83375 23.2347 0 28.7017 9.56725 25.9682 0 31.4352 6.83375 25.9682 0 31.4352 9.56725 23.2347 0 34.1687 6.83375 23.2347 0 34.1687 9.56725 25.9682 0 36.9022 6.83375 25.9682 0 36.9022 9.56725 23.2347 0 1.36675 12.3007 23.2347 0 1.36675 15.0342 25.9682 0 4.10025 12.3007 25.9682 0 4.10025 15.0342 23.2347 0 6.83375 12.3007 23.2347 0 6.83375 15.0342 25.9682 0 9.56725 12.3007 25.9682 0 9.56725 15.0342 23.2347 0 12.3007 12.3007 23.2347 0 12.3007 15.0342 25.9682 0 15.0342 12.3007 25.9682 0 15.0342 15.0342 23.2347 0 17.7677 12.3007 23.2347 0 17.7677 15.0342 25.9682 0 20.5012 12.3007 25.9682 0 20.5012 15.0342 23.2347 0 23.2347 12.3007 23.2347 0 23.2347 15.0342 25.9682 0 25.9682 12.3007 25.9682 0 25.9682 15.0342 23.2347 0 28.7017 12.3007 23.2347 0 28.7017 15.0342 25.9682 0 31.4352 12.3007 25.9682 0 31.4352 15.0342 23.2347 0 34.1687 12.3007 23.2347 0 34.1687 15.0342 25.9682 0 36.9022 12.3007 25.9682 0 36.9022 15.0342 23.2347 0 1.36675 17.7677 23.2347 0 1.36675 20.5012 25.9682 0 4.10025 17.7677 25.9682 0 4.10025 20.5012 23.2347 0 6.83375 17.7677 23.2347 0 6.83375 20.5012 25.9682 0 9.56725 17.7677 25.9682 0 9.56725 20.5012 23.2347 0 12.3007 17.7677 23.2347 0 12.3007 20.5012 25.9682 0 15.0342 17.7677 25.9682 0 15.0342 20.5012 23.2347 0 17.7677 17.7677 23.2347 0 17.7677 20.5012 25.9682 0 20.5012 17.7677 25.9682 0 20.5012 20.5012 23.2347 0 23.2347 17.7677 23.2347 0 23.2347 20.5012 25.9682 0 25.9682 17.7677 25.9682 0 25.9682 20.5012 23.2347 0 28.7017 17.7677 23.2347 0 28.7017 20.5012 25.9682 0 31.4352 17.7677 25.9682 0 31.4352 20.5012 23.2347 0 34.1687 17.7677 23.2347 0 34.1687 20.5012 25.9682 0 36.9022 17.7677 25.9682 0 36.9022 20.5012 23.2347 0 1.36675 23.2347 23.2347 0 1.36675 25.9682 25.9682 0 4.10025 23.2347 25.9682 0 4.10025 25.9682 23.2347 
0 6.83375 23.2347 23.2347 0 6.83375 25.9682 25.9682 0 9.56725 23.2347 25.9682 0 9.56725 25.9682 23.2347 0 12.3007 23.2347 23.2347 0 12.3007 25.9682 25.9682 0 15.0342 23.2347 25.9682 0 15.0342 25.9682 23.2347 0 17.7677 23.2347 23.2347 0 17.7677 25.9682 25.9682 0 20.5012 23.2347 25.9682 0 20.5012 25.9682 23.2347 0 23.2347 23.2347 23.2347 0 23.2347 25.9682 25.9682 0 25.9682 23.2347 25.9682 0 25.9682 25.9682 23.2347 0 28.7017 23.2347 23.2347 0 28.7017 25.9682 25.9682 0 31.4352 23.2347 25.9682 0 31.4352 25.9682 23.2347 0 34.1687 23.2347 23.2347 0 34.1687 25.9682 25.9682 0 36.9022 23.2347 25.9682 0 36.9022 25.9682 23.2347 0 1.36675 28.7017 23.2347 0 1.36675 31.4352 25.9682 0 4.10025 28.7017 25.9682 0 4.10025 31.4352 23.2347 0 6.83375 28.7017 23.2347 0 6.83375 31.4352 25.9682 0 9.56725 28.7017 25.9682 0 9.56725 31.4352 23.2347 0 12.3007 28.7017 23.2347 0 12.3007 31.4352 25.9682 0 15.0342 28.7017 25.9682 0 15.0342 31.4352 23.2347 0 17.7677 28.7017 23.2347 0 17.7677 31.4352 25.9682 0 20.5012 28.7017 25.9682 0 20.5012 31.4352 23.2347 0 23.2347 28.7017 23.2347 0 23.2347 31.4352 25.9682 0 25.9682 28.7017 25.9682 0 25.9682 31.4352 23.2347 0 28.7017 28.7017 23.2347 0 28.7017 31.4352 25.9682 0 31.4352 28.7017 25.9682 0 31.4352 31.4352 23.2347 0 34.1687 28.7017 23.2347 0 34.1687 31.4352 25.9682 0 36.9022 28.7017 25.9682 0 36.9022 31.4352 23.2347 0 1.36675 34.1687 23.2347 0 1.36675 36.9022 25.9682 0 4.10025 34.1687 25.9682 0 4.10025 36.9022 23.2347 0 6.83375 34.1687 23.2347 0 6.83375 36.9022 25.9682 0 9.56725 34.1687 25.9682 0 9.56725 36.9022 23.2347 0 12.3007 34.1687 23.2347 0 12.3007 36.9022 25.9682 0 15.0342 34.1687 25.9682 0 15.0342 36.9022 23.2347 0 17.7677 34.1687 23.2347 0 17.7677 36.9022 25.9682 0 20.5012 34.1687 25.9682 0 20.5012 36.9022 23.2347 0 23.2347 34.1687 23.2347 0 23.2347 36.9022 25.9682 0 25.9682 34.1687 25.9682 0 25.9682 36.9022 23.2347 0 28.7017 34.1687 23.2347 0 28.7017 36.9022 25.9682 0 31.4352 34.1687 25.9682 0 31.4352 36.9022 23.2347 0 34.1687 34.1687 23.2347 0 34.1687 36.9022 25.9682 0 36.9022 34.1687 25.9682 0 36.9022 36.9022 23.2347 0 1.36675 1.36675 28.7017 0 1.36675 4.10025 31.4352 0 4.10025 1.36675 31.4352 0 4.10025 4.10025 28.7017 0 6.83375 1.36675 28.7017 0 6.83375 4.10025 31.4352 0 9.56725 1.36675 31.4352 0 9.56725 4.10025 28.7017 0 12.3007 1.36675 28.7017 0 12.3007 4.10025 31.4352 0 15.0342 1.36675 31.4352 0 15.0342 4.10025 28.7017 0 17.7677 1.36675 28.7017 0 17.7677 4.10025 31.4352 0 20.5012 1.36675 31.4352 0 20.5012 4.10025 28.7017 0 23.2347 1.36675 28.7017 0 23.2347 4.10025 31.4352 0 25.9682 1.36675 31.4352 0 25.9682 4.10025 28.7017 
0 28.7017 1.36675 28.7017 0 28.7017 4.10025 31.4352 0 31.4352 1.36675 31.4352 0 31.4352 4.10025 28.7017 0 34.1687 1.36675 28.7017 0 34.1687 4.10025 31.4352 0 36.9022 1.36675 31.4352 0 36.9022 4.10025 28.7017 0 1.36675 6.83375 28.7017 0 1.36675 9.56725 31.4352 0 4.10025 6.83375 31.4352 0 4.10025 9.56725 28.7017 0 6.83375 6.83375 28.7017 0 6.83375 9.56725 31.4352 0 9.56725 6.83375 31.4352 0 9.56725 9.56725 28.7017 0 12.3007 6.83375 28.7017 0 12.3007 9.56725 31.4352 0 15.0342 6.83375 31.4352 0 15.0342 9.56725 28.7017 0 17.7677 6.83375 28.7017 0 17.7677 9.56725 31.4352 0 20.5012 6.83375 31.4352 0 20.5012 9.56725 28.7017 0 23.2347 6.83375 28.7017 0 23.2347 9.56725 31.4352 0 25.9682 6.83375 31.4352 0 25.9682 9.56725 28.7017 0 28.7017 6.83375 28.7017 0 28.7017 9.56725 31.4352 0 31.4352 6.83375 31.4352 0 31.4352 9.56725 28.7017 0 34.1687 6.83375 28.7017 0 34.1687 9.56725 31.4352 0 36.9022 6.83375 31.4352 0 36.9022 9.56725 28.7017 0 1.36675 12.3007 28.7017 0 1.36675 15.0342 31.4352 0 4.10025 12.3007 31.4352 0 4.10025 15.0342 28.7017 0 6.83375 12.3007 28.7017 0 6.83375 15.0342 31.4352 0 9.56725 12.3007 31.4352 0 9.56725 15.0342 28.7017 0 12.3007 12.3007 28.7017 0 12.3007 15.0342 31.4352 0 15.0342 12.3007 31.4352 0 15.0342 15.0342 28.7017 0 17.7677 12.3007 28.7017 0 17.7677 15.0342 31.4352 0 20.5012 12.3007 31.4352 0 20.5012 15.0342 28.7017 0 23.2347 12.3007 28.7017 0 23.2347 15.0342 31.4352 0 25.9682 12.3007 31.4352 0 25.9682 15.0342 28.7017 0 28.7017 12.3007 28.7017 0 28.7017 15.0342 31.4352 0 31.4352 12.3007 31.4352 0 31.4352 15.0342 28.7017 0 34.1687 12.3007 28.7017 0 34.1687 15.0342 31.4352 0 36.9022 12.3007 31.4352 0 36.9022 15.0342 28.7017 0 1.36675 17.7677 28.7017 0 1.36675 20.5012 31.4352 0 4.10025 17.7677 31.4352 0 4.10025 20.5012 28.7017 0 6.83375 17.7677 28.7017 0 6.83375 20.5012 31.4352 0 9.56725 17.7677 31.4352 0 9.56725 20.5012 28.7017 0 12.3007 17.7677 28.7017 0 12.3007 20.5012 31.4352 0 15.0342 17.7677 31.4352 0 15.0342 20.5012 28.7017 0 17.7677 17.7677 28.7017 0 17.7677 20.5012 31.4352 0 20.5012 17.7677 31.4352 0 20.5012 20.5012 28.7017 0 23.2347 17.7677 28.7017 0 23.2347 20.5012 31.4352 0 25.9682 17.7677 31.4352 0 25.9682 20.5012 28.7017 0 28.7017 17.7677 28.7017 0 28.7017 20.5012 31.4352 0 31.4352 17.7677 31.4352 0 31.4352 20.5012 28.7017 0 34.1687 17.7677 28.7017 0 34.1687 20.5012 31.4352 0 36.9022 17.7677 31.4352 0 36.9022 20.5012 28.7017 0 1.36675 23.2347 28.7017 0 1.36675 25.9682 31.4352 0 4.10025 23.2347 31.4352 0 4.10025 25.9682 28.7017 0 6.83375 23.2347 28.7017 0 6.83375 25.9682 31.4352 0 9.56725 23.2347 31.4352 0 9.56725 25.9682 28.7017 
0 12.3007 23.2347 28.7017 0 12.3007 25.9682 31.4352 0 15.0342 23.2347 31.4352 0 15.0342 25.9682 28.7017 0 17.7677 23.2347 28.7017 0 17.7677 25.9682 31.4352 0 20.5012 23.2347 31.4352 0 20.5012 25.9682 28.7017 0 23.2347 23.2347 28.7017 0 23.2347 25.9682 31.4352 0 25.9682 23.2347 31.4352 0 25.9682 25.9682 28.7017 0 28.7017 23.2347 28.7017 0 28.7017 25.9682 31.4352 0 31.4352 23.2347 31.4352 0 31.4352 25.9682 28.7017 0 34.1687 23.2347 28.7017 0 34.1687 25.9682 31.4352 0 36.9022 23.2347 31.4352 0 36.9022 25.9682 28.7017 0 1.36675 28.7017 28.7017 0 1.36675 31.4352 31.4352 0 4.10025 28.7017 31.4352 0 4.10025 31.4352 28.7017 0 6.83375 28.7017 28.7017 0 6.83375 31.4352 31.4352 0 9.56725 28.7017 31.4352 0 9.56725 31.4352 28.7017 0 12.3007 28.7017 28.7017 0 12.3007 31.4352 31.4352 0 15.0342 28.7017 31.4352 0 15.0342 31.4352 28.7017 0 17.7677 28.7017 28.7017 0 17.7677 31.4352 31.4352 0 20.5012 28.7017 31.4352 0 20.5012 31.4352 28.7017 0 23.2347 28.7017 28.7017 0 23.2347 31.4352 31.4352 0 25.9682 28.7017 31.4352 0 25.9682 31.4352 28.7017 0 28.7017 28.7017 28.7017 0 28.7017 31.4352 31.4352 0 31.4352 28.7017 31.4352 0 31.4352 31.4352 28.7017 0 34.1687 28.7017 28.7017 0 34.1687 31.4352 31.4352 0 36.9022 28.7017 31.4352 0 36.9022 31.4352 28.7017 0 1.36675 34.1687 28.7017 0 1.36675 36.9022 31.4352 0 4.10025 34.1687 31.4352 0 4.10025 36.9022 28.7017 0 6.83375 34.1687 28.7017 0 6.83375 36.9022 31.4352 0 9.56725 34.1687 31.4352 0 9.56725 36.9022 28.7017 0 12.3007 34.1687 28.7017 0 12.3007 36.9022 31.4352 0 15.0342 34.1687 31.4352 0 15.0342 36.9022 28.7017 0 17.7677 34.1687 28.7017 0 17.7677 36.9022 31.4352 0 20.5012 34.1687 31.4352 0 20.5012 36.9022 28.7017 0 23.2347 34.1687 28.7017 0 23.2347 36.9022 31.4352 0 25.9682 34.1687 31.4352 0 25.9682 36.9022 28.7017 0 28.7017 34.1687 28.7017 0 28.7017 36.9022 31.4352 0 31.4352 34.1687 31.4352 0 31.4352 36.9022 28.7017 0 34.1687 34.1687 28.7017 0 34.1687 36.9022 31.4352 0 36.9022 34.1687 31.4352 0 36.9022 36.9022 28.7017 0 1.36675 1.36675 34.1687 0 1.36675 4.10025 36.9022 0 4.10025 1.36675 36.9022 0 4.10025 4.10025 34.1687 0 6.83375 1.36675 34.1687 0 6.83375 4.10025 36.9022 0 9.56725 1.36675 36.9022 0 9.56725 4.10025 34.1687 0 12.3007 1.36675 34.1687 0 12.3007 4.10025 36.9022 0 15.0342 1.36675 36.9022 0 15.0342 4.10025 34.1687 0 17.7677 1.36675 34.1687 0 17.7677 4.10025 36.9022 0 20.5012 1.36675 36.9022 0 20.5012 4.10025 34.1687 0 23.2347 1.36675 34.1687 0 23.2347 4.10025 36.9022 0 25.9682 1.36675 36.9022 0 25.9682 4.10025 34.1687 0 28.7017 1.36675 34.1687 0 28.7017 4.10025 36.9022 0 31.4352 1.36675 36.9022 0 31.4352 4.10025 34.1687 
0 34.1687 1.36675 34.1687 0 34.1687 4.10025 36.9022 0 36.9022 1.36675 36.9022 0 36.9022 4.10025 34.1687 0 1.36675 6.83375 34.1687 0 1.36675 9.56725 36.9022 0 4.10025 6.83375 36.9022 0 4.10025 9.56725 34.1687 0 6.83375 6.83375 34.1687 0 6.83375 9.56725 36.9022 0 9.56725 6.83375 36.9022 0 9.56725 9.56725 34.1687 0 12.3007 6.83375 34.1687 0 12.3007 9.56725 36.9022 0 15.0342 6.83375 36.9022 0 15.0342 9.56725 34.1687 0 17.7677 6.83375 34.1687 0 17.7677 9.56725 36.9022 0 20.5012 6.83375 36.9022 0 20.5012 9.56725 34.1687 0 23.2347 6.83375 34.1687 0 23.2347 9.56725 36.9022 0 25.9682 6.83375 36.9022 0 25.9682 9.56725 34.1687 0 28.7017 6.83375 34.1687 0 28.7017 9.56725 36.9022 0 31.4352 6.83375 36.9022 0 31.4352 9.56725 34.1687 0 34.1687 6.83375 34.1687 0 34.1687 9.56725 36.9022 0 36.9022 6.83375 36.9022 0 36.9022 9.56725 34.1687 0 1.36675 12.3007 34.1687 0 1.36675 15.0342 36.9022 0 4.10025 12.3007 36.9022 0 4.10025 15.0342 34.1687 0 6.83375 12.3007 34.1687 0 6.83375 15.0342 36.9022 0 9.56725 12.3007 36.9022 0 9.56725 15.0342 34.1687 0 12.3007 12.3007 34.1687 0 12.3007 15.0342 36.9022 0 15.0342 12.3007 36.9022 0 15.0342 15.0342 34.1687 0 17.7677 12.3007 34.1687 0 17.7677 15.0342 36.9022 0 20.5012 12.3007 36.9022 0 20.5012 15.0342 34.1687 0 23.2347 12.3007 34.1687 0 23.2347 15.0342 36.9022 0 25.9682 12.3007 36.9022 0 25.9682 15.0342 34.1687 0 28.7017 12.3007 34.1687 0 28.7017 15.0342 36.9022 0 31.4352 12.3007 36.9022 0 31.4352 15.0342 34.1687 0 34.1687 12.3007 34.1687 0 34.1687 15.0342 36.9022 0 36.9022 12.3007 36.9022 0 36.9022 15.0342 34.1687 0 1.36675 17.7677 34.1687 0 1.36675 20.5012 36.9022 0 4.10025 17.7677 36.9022 0 4.10025 20.5012 34.1687 0 6.83375 17.7677 34.1687 0 6.83375 20.5012 36.9022 0 9.56725 17.7677 36.9022 0 9.56725 20.5012 34.1687 0 12.3007 17.7677 34.1687 0 12.3007 20.5012 36.9022 0 15.0342 17.7677 36.9022 0 15.0342 20.5012 34.1687 0 17.7677 17.7677 34.1687 0 17.7677 20.5012 36.9022 0 20.5012 17.7677 36.9022 0 20.5012 20.5012 34.1687 0 23.2347 17.7677 34.1687 0 23.2347 20.5012 36.9022 0 25.9682 17.7677 36.9022 0 25.9682 20.5012 34.1687 0 28.7017 17.7677 34.1687 0 28.7017 20.5012 36.9022 0 31.4352 17.7677 36.9022 0 31.4352 20.5012 34.1687 0 34.1687 17.7677 34.1687 0 34.1687 20.5012 36.9022 0 36.9022 17.7677 36.9022 0 36.9022 20.5012 34.1687 0 1.36675 23.2347 34.1687 0 1.36675 25.9682 36.9022 0 4.10025 23.2347 36.9022 0 4.10025 25.9682 34.1687 0 6.83375 23.2347 34.1687 0 6.83375 25.9682 36.9022 0 9.56725 23.2347 36.9022 0 9.56725 25.9682 34.1687 0 12.3007 23.2347 34.1687 0 12.3007 25.9682 36.9022 0 15.0342 23.2347 36.9022 0 15.0342 25.9682 34.1687 
0 17.7677 23.2347 34.1687 0 17.7677 25.9682 36.9022 0 20.5012 23.2347 36.9022 0 20.5012 25.9682 34.1687 0 23.2347 23.2347 34.1687 0 23.2347 25.9682 36.9022 0 25.9682 23.2347 36.9022 0 25.9682 25.9682 34.1687 0 28.7017 23.2347 34.1687 0 28.7017 25.9682 36.9022 0 31.4352 23.2347 36.9022 0 31.4352 25.9682 34.1687 0 34.1687 23.2347 34.1687 0 34.1687 25.9682 36.9022 0 36.9022 23.2347 36.9022 0 36.9022 25.9682 34.1687 0 1.36675 28.7017 34.1687 0 1.36675 31.4352 36.9022 0 4.10025 28.7017 36.9022 0 4.10025 31.4352 34.1687 0 6.83375 28.7017 34.1687 0 6.83375 31.4352 36.9022 0 9.56725 28.7017 36.9022 0 9.56725 31.4352 34.1687 0 12.3007 28.7017 34.1687 0 12.3007 31.4352 36.9022 0 15.0342 28.7017 36.9022 0 15.0342 31.4352 34.1687 0 17.7677 28.7017 34.1687 0 17.7677 31.4352 36.9022 0 20.5012 28.7017 36.9022 0 20.5012 31.4352 34.1687 0 23.2347 28.7017 34.1687 0 23.2347 31.4352 36.9022 0 25.9682 28.7017 36.9022 0 25.9682 31.4352 34.1687 0 28.7017 28.7017 34.1687 0 28.7017 31.4352 36.9022 0 31.4352 28.7017 36.9022 0 31.4352 31.4352 34.1687 0 34.1687 28.7017 34.1687 0 34.1687 31.4352 36.9022 0 36.9022 28.7017 36.9022 0 36.9022 31.4352 34.1687 0 1.36675 34.1687 34.1687 0 1.36675 36.9022 36.9022 0 4.10025 34.1687 36.9022 0 4.10025 36.9022 34.1687 0 6.83375 34.1687 34.1687 0 6.83375 36.9022 36.9022 0 9.56725 34.1687 36.9022 0 9.56725 36.9022 34.1687 0 12.3007 34.1687 34.1687 0 12.3007 36.9022 36.9022 0 15.0342 34.1687 36.9022 0 15.0342 36.9022 34.1687 0 17.7677 34.1687 34.1687 0 17.7677 36.9022 36.9022 0 20.5012 34.1687 36.9022 0 20.5012 36.9022 34.1687 0 23.2347 34.1687 34.1687 0 23.2347 36.9022 36.9022 0 25.9682 34.1687 36.9022 0 25.9682 36.9022 34.1687 0 28.7017 34.1687 34.1687 0 28.7017 36.9022 36.9022 0 31.4352 34.1687 36.9022 0 31.4352 36.9022 34.1687 0 34.1687 34.1687 34.1687 0 34.1687 36.9022 36.9022 0 36.9022 34.1687 36.9022 0 36.9022 36.9022 34.1687 
0 0 0 0 0 0 0 0 0 0 0 0 0 0 0 0 0 0 0 0 0 0 0 0 0 0 0 0 0 0 0 0 0 0 0 0 0 0 0 0 0 0 0 0 0 0 0 0 0 0 0 0 0 0 0 0 0 0 0 0 0 0 0 0 0 0 0 0 0 0 0 0 0 0 0 0 0 0 0 0 0 0 0 0 0 0 0 0 0 0 0 0 0 0 0 0 0 0 0 0 0 0 0 0 0 0 0 0 0 0 0 0 0 0 0 0 0 0 0 0 0 0 0 0 0 0 0 0 0 0 0 0 0 0 0 0 0 0 0 0 0 0 0 0 0 0 0 0 0 0 0 0 0 0 0 0 0 0 0 0 0 0 0 0 0 0 0 0 0 0 0 0 0 0 0 0 0 0 0 0 0 0 0 0 0 0 0 0 0 0 0 0 0 0 0 0 0 0 0 0 0 0 0 0 0 0 0 0 0 0 0 0 0 0 0 0 0 0 0 0 0 0 0 0 0 0 0 0 0 0 0 0 0 0 0 0 0 0 0 0 0 0 0 0 0 0 0 0 0 0 0 0 0 0 0 0 0 0 0 0 0 0 0 0 0 0 0 0 0 0 0 0 0 0 0 0 0 0 0 0 0 0 0 0 0 0 0 0 0 0 0 0 0 0 0 0 0 0 0 0 
0 0 0 0 0 0 0 0 0 0 0 0 0 0 0 0 0 0 0 0 0 0 0 0 0 0 0 0 0 0 0 0 0 0 0 0 0 0 0 0 0 0 0 0 0 0 0 0 0 0 0 0 0 0 0 0 0 0 0 0 0 0 0 0 0 0 0 0 0 0 0 0 0 0 0 0 0 0 0 0 0 0 0 0 0 0 0 0 0 0 0 0 0 0 0 0 0 0 0 0 0 0 0 0 0 0 0 0 0 0 0 0 0 0 0 0 0 0 0 0 0 0 0 0 0 0 0 0 0 0 0 0 0 0 0 0 0 0 0 0 0 0 0 0 0 0 0 0 0 0 0 0 0 0 0 0 0 0 0 0 0 0 0 0 0 0 0 0 0 0 0 0 0 0 0 0 0 0 0 0 0 0 0 0 0 0 0 0 0 0 0 0 0 0 0 0 0 0 0 0 0 0 0 0 0 0 0 0 0 0 0 0 0 0 0 0 0 0 0 0 0 0 0 0 0 0 0 0 0 0 0 0 0 0 0 0 0 0 0 0 0 0 0 0 0 0 0 0 0 0 0 0 0 0 0 0 0 0 0 0 0 0 0 0 0 0 0 0 0 0 0 0 0 0 0 0 0 0 0 0 0 0 0 0 0 0 0 0 0 0 0 0 0 0 0 0 0 0 0 0 
0 0 0 0 0 0 0 0 0 0 0 0 0 0 0 0 0 0 0 0 0 0 0 0 0 0 0 0 0 0 0 0 0 0 0 0 0 0 0 0 0 0 0 0 0 0 0 0 0 0 0 0 0 0 0 0 0 0 0 0 0 0 0 0 0 0 0 0 0 0 0 0 0 0 0 0 0 0 0 0 0 0 0 0 0 0 0 0 0 0 0 0 0 0 0 0 0 0 0 0 0 0 0 0 0 0 0 0 0 0 0 0 0 0 0 0 0 0 0 0 0 0 0 0 0 0 0 0 0 0 0 0 0 0 0 0 0 0 0 0 0 0 0 0 0 0 0 0 0 0 0 0 0 0 0 0 0 0 0 0 0 0 0 0 0 0 0 0 0 0 0 0 0 0 0 0 0 0 0 0 0 0 0 0 0 0 0 0 0 0 0 0 0 0 0 0 0 0 0 0 0 0 0 0 0 0 0 0 0 0 0 0 0 0 0 0 0 0 0 0 0 0 0 0 0 0 0 0 0 0 0 0 0 0 0 0 0 0 0 0 0 0 0 0 0 0 0 0 0 0 0 0 0 0 0 0 0 0 0 0 0 0 0 0 0 0 0 0 0 0 0 0 0 0 0 0 0 0 0 0 0 0 0 0 0 0 0 0 0 0 0 0 0 0 0 0 0 0 0 0 
0 0 0 0 0 0 0 0 0 0 0 0 0 0 0 0 0 0 0 0 0 0 0 0 0 0 0 0 0 0 0 0 0 0 0 0 0 0 0 0 0 0 0 0 0 0 0 0 0 0 0 0 0 0 0 0 0 0 0 0 0 0 0 0 0 0 0 0 0 0 0 0 0 0 0 0 0 0 0 0 0 0 0 0 0 0 0 0 0 0 0 0 0 0 0 0 0 0 0 0 0 0 0 0 0 0 0 0 0 0 0 0 0 0 0 0 0 0 0 0 0 0 0 0 0 0 0 0 0 0 0 0 0 0 0 0 0 0 0 0 0 0 0 0 0 0 0 0 0 0 0 0 0 0 0 0 0 0 0 0 0 0 0 0 0 0 0 0 0 0 0 0 0 0 0 0 0 0 0 0 0 0 0 0 0 0 0 0 0 0 0 0 0 0 0 0 0 0 0 0 0 0 0 0 0 0 0 0 0 0 0 0 0 0 0 0 0 0 0 0 0 0 0 0 0 0 0 0 0 0 0 0 0 0 0 0 0 0 0 0 0 0 0 0 0 0 0 0 0 0 0 0 0 0 0 0 0 0 0 0 0 0 0 0 0 0 0 0 0 0 0 0 0 0 0 0 0 0 0 0 0 0 0 0 0 0 0 0 0 0 0 0 0 0 0 0 0 0 0 0 
0 0 0 0 0 0 0 0 0 0 0 0 0 0 0 0 0 0 0 0 0 0 0 0 0 0 0 0 0 0 0 0 0 0 0 0 0 0 0 0 0 0 0 0 0 0 0 0 0 0 0 0 0 0 0 0 0 0 0 0 0 0 0 0 0 0 0 0 0 0 0 0 0 0 0 0 0 0 0 0 0 0 0 0 0 0 0 0 0 0 0 0 0 0 0 0 0 0 0 0 0 0 0 0 0 0 0 0 0 0 0 0 0 0 0 0 0 0 0 0 0 0 0 0 0 0 0 0 0 0 0 0 0 0 0 0 0 0 0 0 0 0 0 0 0 0 0 0 0 0 0 0 0 0 0 0 0 0 0 0 0 0 0 0 0 0 0 0 0 0 0 0 0 0 0 0 0 0 0 0 0 0 0 0 0 0 0 0 0 0 0 0 0 0 0 0 0 0 0 0 0 0 0 0 0 0 0 0 0 0 0 0 0 0 0 0 0 0 0 0 0 0 0 0 0 0 0 0 0 0 0 0 0 0 0 0 0 0 0 0 0 0 0 0 0 0 0 0 0 0 0 0 0 0 0 0 0 0 0 0 0 0 0 0 0 0 0 0 0 0 0 0 0 0 0 0 0 0 0 0 0 0 0 0 0 0 0 0 0 0 0 0 0 0 0 0 0 0 0 0 
0 0 0 0 0 0 0 0 0 0 0 0 0 0 0 0 0 0 0 0 0 0 0 0 0 0 0 0 0 0 0 0 0 0 0 0 0 0 0 0 0 0 0 0 0 0 0 0 0 0 0 0 0 0 0 0 0 0 0 0 0 0 0 0 0 0 0 0 0 0 0 0 0 0 0 0 0 0 0 0 0 0 0 0 0 0 0 0 0 0 0 0 0 0 0 0 0 0 0 0 0 0 0 0 0 0 0 0 0 0 0 0 0 0 0 0 0 0 0 0 0 0 0 0 0 0 0 0 0 0 0 0 0 0 0 0 0 0 0 0 0 0 0 0 0 0 0 0 0 0 0 0 0 0 0 0 0 0 0 0 0 0 0 0 0 0 0 0 0 0 0 0 0 0 0 0 0 0 0 0 0 0 0 0 0 0 0 0 0 0 0 0 0 0 0 0 0 0 0 0 0 0 0 0 0 0 0 0 0 0 0 0 0 0 0 0 0 0 0 0 0 0 0 0 0 0 0 0 0 0 0 0 0 0 0 0 0 0 0 0 0 0 0 0 0 0 0 0 0 0 0 0 0 0 0 0 0 0 0 0 0 0 0 0 0 0 0 0 0 0 0 0 0 0 0 0 0 0 0 0 0 0 0 0 0 0 0 0 0 0 0 0 0 0 0 0 0 0 0 0 
0 0 0 0 0 0 0 0 0 0 0 0 0 0 0 0 0 0 0 0 0 0 0 0 0 0 0 0 0 0 0 0 0 0 0 0 0 0 0 0 0 0 0 0 0 0 0 0 0 0 0 0 0 0 0 0 0 0 0 0 0 0 0 0 0 0 0 0 0 0 0 0 0 0 0 0 0 0 0 0 0 0 0 0 0 0 0 0 0 0 0 0 0 0 0 0 0 0 0 0 0 0 0 0 0 0 0 0 0 0 0 0 0 0 0 0 0 0 0 0 0 0 0 0 0 0 0 0 0 0 0 0 0 0 0 0 0 0 0 0 0 0 0 0 0 0 0 0 0 0 0 0 0 0 0 0 0 0 0 0 0 0 0 0 0 0 0 0 0 0 0 0 0 0 0 0 0 0 0 0 0 0 0 0 0 0 0 0 0 0 0 0 0 0 0 0 0 0 0 0 0 0 0 0 0 0 0 0 0 0 0 0 0 0 0 0 0 0 0 0 0 0 0 0 0 0 0 0 0 0 0 0 0 0 0 0 0 0 0 0 0 0 0 0 0 0 0 0 0 0 0 0 0 0 0 0 0 0 0 0 0 0 0 0 0 0 0 0 0 0 0 0 0 0 0 0 0 0 0 0 0 0 0 0 0 0 0 0 0 0 0 0 0 0 0 0 0 0 0 0 
0 0 0 0 0 0 0 0 0 0 0 0 0 0 0 0 0 0 0 0 0 0 0 0 0 0 0 0 0 0 0 0 0 0 0 0 0 0 0 0 0 0 0 0 0 0 0 0 0 0 0 0 0 0 0 0 0 0 0 0 0 0 0 0 0 0 0 0 0 0 0 0 0 0 0 0 0 0 0 0 0 0 0 0 0 0 0 0 0 0 0 0 0 0 0 0 0 0 0 0 0 0 0 0 0 0 0 0 0 0 0 0 0 0 0 0 0 0 0 0 0 0 0 0 0 0 0 0 0 0 0 0 0 0 0 0 0 0 0 0 0 0 0 0 0 0 0 0 0 0 0 0 0 0 0 0 0 0 0 0 0 0 0 0 0 0 0 0 0 0 0 0 0 0 0 0 0 0 0 0 0 0 0 0 0 0 0 0 0 0 0 0 0 0 0 0 0 0 0 0 0 0 0 0 0 0 0 0 0 0 0 0 0 0 0 0 0 0 0 0 0 0 0 0 0 0 0 0 0 0 0 0 0 0 0 0 0 0 0 0 0 0 0 0 0 0 0 0 0 0 0 0 0 0 0 0 0 0 0 0 0 0 0 0 0 0 0 0 0 0 0 0 0 0 0 0 0 0 0 0 0 0 0 0 0 0 0 0 0 0 0 0 0 0 0 0 0 0 0 0 
0 0 0 0 0 0 0 0 0 0 0 0 0 0 0 0 0 0 0 0 0 0 0 0 0 0 0 0 0 0 0 0 0 0 0 0 0 0 0 0 0 0 0 0 0 0 0 0 0 0 0 0 0 0 0 0 0 0 0 0 0 0 0 0 0 0 0 0 0 0 0 0 0 0 0 0 0 0 0 0 0 0 0 0 0 0 0 0 0 0 0 0 0 0 0 0 0 0 0 0 0 0 0 0 0 0 0 0 0 0 0 0 0 0 0 0 0 0 0 0 0 0 0 0 0 0 0 0 0 0 0 0 0 0 0 0 0 0 0 0 0 0 0 0 0 0 0 0 0 0 0 0 0 0 0 0 0 0 0 0 0 0 0 0 0 0 0 0 0 0 0 0 0 0 0 0 0 0 0 0 0 0 0 0 0 0 0 0 0 0 0 0 0 0 0 0 0 0 0 0 0 0 0 0 0 0 0 0 0 0 0 0 0 0 0 0 0 0 0 0 0 0 0 0 0 0 0 0 0 0 0 0 0 0 0 0 0 0 0 0 0 0 0 0 0 0 0 0 0 0 0 0 0 0 0 0 0 0 0 0 0 0 0 0 0 0 0 0 0 0 0 0 0 0 0 0 0 0 0 0 0 0 0 0 0 0 0 0 0 0 0 0 0 0 0 0 0 0 0 0 
0 0 0 0 0 0 0 0 0 0 0 0 0 0 0 0 0 0 0 0 0 0 0 0 0 0 0 0 0 0 0 0 0 0 0 0 0 0 0 0 0 0 0 0 0 0 0 0 0 0 0 0 0 0 0 0 0 0 0 0 0 0 0 0 0 0 0 0 0 0 0 0 0 0 0 0 0 0 0 0 0 0 0 0 0 0 0 0 0 0 0 0 0 0 0 0 0 0 0 0 0 0 0 0 0 0 0 0 0 0 0 0 0 0 0 0 0 0 0 0 0 0 0 0 0 0 0 0 0 0 0 0 0 0 0 0 0 0 0 0 0 0 0 0 0 0 0 0 0 0 0 0 0 0 0 0 0 0 0 0 0 0 0 0 0 0 0 0 0 0 0 0 0 0 0 0 0 0 0 0 0 0 0 0 0 0 0 0 0 0 0 0 0 0 0 0 0 0 0 0 0 0 0 0 0 0 0 0 0 0 0 0 0 0 0 0 0 0 0 0 0 0 0 0 0 0 0 0 0 0 0 0 0 0 0 0 0 0 0 0 0 0 0 0 0 0 0 0 0 0 0 0 0 0 0 0 0 0 0 0 0 0 0 0 0 0 0 0 0 0 0 0 0 0 0 0 0 0 0 0 0 0 0 0 0 0 0 0 0 0 0 0 0 0 0 0 0 0 0 0 
0 0 0 0 0 0 0 0 0 0 0 0 0 0 0 0 0 0 0 0 0 0 0 0 0 0 0 0 0 0 0 0 0 0 0 0 0 0 0 0 0 0 0 0 0 0 0 0 0 0 0 0 0 0 0 0 0 0 0 0 0 0 0 0 0 0 0 0 0 0 0 0 0 0 0 0 0 0 0 0 0 0 0 0 0 0 0 0 0 0 0 0 0 0 0 0 0 0 0 0 0 0 0 0 0 0 0 0 0 0 0 0 0 0 0 0 0 0 0 0 0 0 0 0 0 0 0 0 0 0 0 0 0 0 0 0 0 0 0 0 0 0 0 0 0 0 0 0 0 0 0 0 0 0 0 0 0 0 0 0 0 0 0 0 0 0 0 0 0 0 0 0 0 0 0 0 0 0 0 0 0 0 0 0 0 0 0 0 0 0 0 0 0 0 0 0 0 0 0 0 0 0 0 0 0 0 0 0 0 0 0 0 0 0 0 0 0 0 0 0 0 0 0 0 0 0 0 0 0 0 0 0 0 0 0 0 0 0 0 0 0 0 0 0 0 0 0 0 0 0 0 0 0 0 0 0 0 0 0 0 0 0 0 0 0 0 0 0 0 0 0 0 0 0 0 0 0 0 0 0 0 0 0 0 0 0 0 0 0 0 0 0 0 0 0 0 0 0 0 0 
0 0 0 0 0 0 0 0 0 0 0 0 0 0 0 0 0 0 0 0 0 0 0 0 0 0 0 0 0 0 0 0 0 0 0 0 0 0 0 0 0 0 0 0 0 0 0 0 0 0 0 0 0 0 0 0 0 0 0 0 0 0 0 0 0 0 0 0 0 0 0 0 0 0 0 0 0 0 0 0 0 0 0 0 0 0 0 0 0 0 0 0 0 0 0 0 0 0 0 0 0 0 0 0 0 0 0 0 0 0 0 0 0 0 0 0 0 0 0 0 0 0 0 0 0 0 0 0 0 0 0 0 0 0 0 0 0 0 0 0 0 0 0 0 0 0 0 0 0 0 0 0 0 0 0 0 0 0 0 0 0 0 0 0 0 0 0 0 0 0 0 0 0 0 0 0 0 0 0 0 0 0 0 0 0 0 0 0 0 0 0 0 0 0 0 0 0 0 0 0 0 0 0 0 0 0 0 0 0 0 0 0 0 0 0 0 0 0 0 0 0 0 0 0 0 0 0 0 0 0 0 0 0 0 0 0 0 0 0 0 0 0 0 0 0 0 0 0 0 0 0 0 0 0 0 0 0 0 0 0 0 0 0 0 0 0 0 0 0 0 0 0 0 0 0 0 0 0 0 0 0 0 0 0 0 0 0 0 0 0 0 0 0 0 0 0 0 0 0 0 
0 0 0 0 0 0 0 0 0 0 0 0 0 0 0 0 0 0 0 0 0 0 0 0 0 0 0 0 0 0 0 0 0 0 0 0 0 0 0 0 0 0 0 0 0 0 0 0 0 0 0 0 0 0 0 0 0 0 0 0 0 0 0 0 0 0 0 0 0 0 0 0 0 0 0 0 0 0 0 0 0 0 0 0 0 0 0 0 0 0 0 0 0 0 0 0 0 0 0 0 0 0 0 0 0 0 0 0 0 0 0 0 0 0 0 0 0 0 0 0 0 0 0 0 0 0 0 0 0 0 0 0 0 0 0 0 0 0 0 0 0 0 0 0 0 0 0 0 0 0 0 0 0 0 0 0 0 0 0 0 0 0 0 0 0 0 0 0 0 0 0 0 0 0 0 0 0 0 0 0 0 0 0 0 0 0 0 0 0 0 0 0 0 0 0 0 0 0 0 0 0 0 0 0 0 0 0 0 0 0 0 0 0 0 0 0 0 0 0 0 0 0 0 0 0 0 0 0 0 0 0 0 0 0 0 0 0 0 0 0 0 0 0 0 0 0 0 0 0 0 0 0 0 0 0 0 0 0 0 0 0 0 0 0 0 0 0 0 0 0 0 0 0 0 0 0 0 0 0 0 0 0 0 0 0 0 0 0 0 0 0 0 0 0 0 0 0 0 0 0 
0 0 0 0 0 0 0 0 0 0 0 0 0 0 0 0 0 0 0 0 0 0 0 0 0 0 0 0 0 0 0 0 0 0 0 0 0 0 0 0 0 0 0 0 0 0 0 0 0 0 0 0 0 0 0 0 0 0 0 0 0 0 0 0 0 0 0 0 0 0 0 0 0 0 0 0 0 0 0 0 0 0 0 0 0 0 0 0 0 0 0 0 0 0 0 0 0 0 0 0 0 0 0 0 0 0 0 0 0 0 0 0 0 0 0 0 0 0 0 0 0 0 0 0 0 0 0 0 0 0 0 0 0 0 0 0 0 0 0 0 0 0 0 0 0 0 0 0 0 0 0 0 0 0 0 0 0 0 0 0 0 0 0 0 0 0 0 0 0 0 0 0 0 0 0 0 0 0 0 0 0 0 0 0 0 0 0 0 0 0 0 0 0 0 0 0 0 0 0 0 0 0 0 0 0 0 0 0 0 0 0 0 0 0 0 0 